# Matter power spectrum P(k) at redshift z=99
# for k=1.00899e-05 to 203.102 h/Mpc,
# number of wavenumbers equal to 845
#    1:k (h/Mpc)              2:P (Mpc/h)^3        
       1.008985923385e-05       8.602999896390e-03 
       2.251775554930e-05       1.859274192862e-02 
       3.498636120606e-05       2.838314402662e-02 
       4.752690065129e-05       3.808703551382e-02 
       6.017107953816e-05       4.776660452574e-02 
       7.295134796828e-05       5.746720920539e-02 
       8.590117159567e-05       6.722680167098e-02 
       9.905531396721e-05       7.707975517624e-02 
       1.124501335013e-04       8.705879133212e-02 
       1.261238985365e-04       9.719612385646e-02 
       1.401171238971e-04       1.075242304173e-01 
       1.544729323969e-04       1.180764313636e-01 
       1.692374446017e-04       1.288873786542e-01 
       1.844601999509e-04       1.399934822644e-01 
       2.001946119308e-04       1.514333189316e-01 
       2.164984593225e-04       1.632480291106e-01 
       2.334344144963e-04       1.754817149941e-01 
       2.510706081659e-04       1.881818465135e-01 
       2.694812277618e-04       2.013996660242e-01 
       2.887471434300e-04       2.151906097165e-01 
       3.089565513521e-04       2.296147159909e-01 
       3.302056183397e-04       2.447370206979e-01 
       3.525991041884e-04       2.606279310451e-01 
       3.762509288441e-04       2.773635317082e-01 
       4.012846398935e-04       2.950258174404e-01 
       4.278337223492e-04       3.137027944061e-01 
       4.560416776520e-04       3.334883997850e-01 
       4.860617833901e-04       3.544821925043e-01 
       5.180564314341e-04       3.767887253523e-01 
       5.521959331310e-04       4.005165427562e-01 
       5.886566802046e-04       4.257767306143e-01 
       6.276185644258e-04       4.526809367325e-01 
       6.692615935926e-04       4.813388642714e-01 
       7.137617004578e-04       5.118552273399e-01 
       7.612858262925e-04       5.443262387073e-01 
       8.119864673565e-04       5.788357812952e-01 
       8.659959883789e-04       6.154515056705e-01 
       9.234211117495e-04       6.542211055793e-01 
       9.843380585498e-04       6.951691493316e-01 
       1.048788822721e-03       7.382947493540e-01 
       1.116778987109e-03       7.835703940886e-01 
       1.188277341859e-03       8.309420438287e-01 
       1.263217364320e-03       8.803307481430e-01 
       1.341500404014e-03       9.316436145236e-01 
       1.423000230117e-03       9.847537758840e-01 
       1.507568477514e-03       1.039525743921e+00 
       1.595040487398e-03       1.095813341849e+00 
       1.685241075052e-03       1.153463899252e+00 
       1.777989849946e-03       1.212322035830e+00 
       1.873105833493e-03       1.272232938843e+00 
       1.970411241375e-03       1.333045058685e+00 
       2.069734401352e-03       1.394612074260e+00 
       2.170911854437e-03       1.456794419191e+00 
       2.273789735608e-03       1.519460263237e+00 
       2.378224553543e-03       1.582485923191e+00 
       2.484083493407e-03       1.645756227546e+00 
       2.591244358870e-03       1.709164200556e+00 
       2.699595254824e-03       1.772611336643e+00 
       2.809034094888e-03       1.836006678749e+00 
       2.919468000394e-03       1.899266881832e+00 
       3.030812641761e-03       1.962315389716e+00 
       3.142991559685e-03       2.025082542581e+00 
       3.255935492585e-03       2.087504194158e+00 
       3.369581728141e-03       2.149522213061e+00 
       3.483873490193e-03       2.211083431412e+00 
       3.598759367421e-03       2.272140095467e+00 
       3.714192786759e-03       2.332647835692e+00 
       3.830131532053e-03       2.392567429096e+00 
       3.946537306880e-03       2.451862532149e+00 
       4.063375339396e-03       2.510501516480e+00 
       4.180614026477e-03       2.568454535391e+00 
       4.298224614140e-03       2.625696440995e+00 
       4.416180911106e-03       2.682203774076e+00 
       4.534459032436e-03       2.737955586738e+00 
       4.653037170281e-03       2.792934297459e+00 
       4.771895388998e-03       2.847123534991e+00 
       4.891015442065e-03       2.900510475479e+00 
       5.010380608463e-03       2.953083007247e+00 
       5.129975546421e-03       3.004830471960e+00 
       5.249786162607e-03       3.055745932571e+00 
       5.369799495068e-03       3.105822017194e+00 
       5.490003608392e-03       3.155054917313e+00 
       5.610387499743e-03       3.203440316288e+00 
       5.730941014549e-03       3.250975487901e+00 
       5.851654770797e-03       3.297659729329e+00 
       5.972520090970e-03       3.343493726670e+00 
       6.093528940795e-03       3.388477732234e+00 
       6.214673874059e-03       3.432613924177e+00 
       6.335947982840e-03       3.475905655059e+00 
       6.457344852562e-03       3.518355345940e+00 
       6.578858521367e-03       3.559969171190e+00 
       6.700483443346e-03       3.600751694169e+00 
       6.822214455222e-03       3.640707378747e+00 
       6.944046746129e-03       3.679843627319e+00 
       7.065975830168e-03       3.718167477035e+00 
       7.187997521452e-03       3.755684041289e+00 
       7.310107911398e-03       3.792403792739e+00 
       7.432303348035e-03       3.828333867160e+00 
       7.554580417124e-03       3.863482133202e+00 
       7.676935924931e-03       3.897855213847e+00 
       7.799366882465e-03       3.931463742289e+00 
       7.921870491067e-03       3.964316496607e+00 
       8.044444129208e-03       3.996421990810e+00 
       8.167085340379e-03       4.027789637474e+00 
       8.289791821990e-03       4.058427504710e+00 
       8.412561415158e-03       4.088346429753e+00 
       8.535392095331e-03       4.117554775579e+00 
       8.658281963652e-03       4.146061542990e+00 
       8.781229239010e-03       4.173875218584e+00 
       8.904232250708e-03       4.201007639755e+00 
       9.027289431704e-03       4.227465447481e+00 
       9.150399312368e-03       4.253257858790e+00 
       9.273560514714e-03       4.278394659428e+00 
       9.396771747065e-03       4.302884216341e+00 
       9.520031799123e-03       4.326734806154e+00 
       9.643339537395e-03       4.349956325819e+00 
       9.766693900965e-03       4.372554890428e+00 
       9.890093897566e-03       4.394541329051e+00 
       1.001353859994e-02       4.415923702946e+00 
       1.013702714247e-02       4.436707758686e+00 
       1.026055871802e-02       4.456902887942e+00 
       1.038413257505e-02       4.476516388118e+00 
       1.050774801489e-02       4.495559110783e+00 
       1.063140438921e-02       4.514031707589e+00 
       1.075510109773e-02       4.531949454683e+00 
       1.087883758598e-02       4.549314439599e+00 
       1.100261334330e-02       4.566133419356e+00 
       1.112642790095e-02       4.582415088946e+00 
       1.125028083038e-02       4.598166764839e+00 
       1.137417174154e-02       4.613393888021e+00 
       1.149810028141e-02       4.628104825082e+00 
       1.162206613256e-02       4.642302717659e+00 
       1.174606901183e-02       4.655997080801e+00 
       1.187010866910e-02       4.669192930041e+00 
       1.199418488617e-02       4.681897000092e+00 
       1.211829747567e-02       4.694113749867e+00 
       1.224244628010e-02       4.705851469442e+00 
       1.236663117090e-02       4.717115247722e+00 
       1.249085204757e-02       4.727908404805e+00 
       1.261510883696e-02       4.738240459656e+00 
       1.273940149246e-02       4.748113500544e+00 
       1.286372999336e-02       4.757537511190e+00 
       1.298809434421e-02       4.766514408532e+00 
       1.311249457428e-02       4.775049819556e+00 
       1.323693073698e-02       4.783149862127e+00 
       1.336140290942e-02       4.790820742412e+00 
       1.348591119193e-02       4.798067511505e+00 
       1.361045570765e-02       4.804895828449e+00 
       1.373503660222e-02       4.811309475825e+00 
       1.385965404336e-02       4.817315004436e+00 
       1.398430822064e-02       4.822916468979e+00 
       1.410899934517e-02       4.828120382546e+00 
       1.423372764937e-02       4.832928910174e+00 
       1.435849338678e-02       4.837351516275e+00 
       1.448329683185e-02       4.841389563985e+00 
       1.460813827981e-02       4.845048765666e+00 
       1.473301804651e-02       4.848336929535e+00 
       1.485793646835e-02       4.851255753286e+00 
       1.498289390217e-02       4.853808931135e+00 
       1.510789072521e-02       4.856007032827e+00 
       1.523292733507e-02       4.857849457679e+00 
       1.535800414968e-02       4.859342274249e+00 
       1.548312160735e-02       4.860493985550e+00 
       1.560828016672e-02       4.861306696920e+00 
       1.573348030688e-02       4.861778292015e+00 
       1.585872252741e-02       4.861924717161e+00 
       1.598400734844e-02       4.861746623996e+00 
       1.610933531079e-02       4.861246331667e+00 
       1.623470697605e-02       4.860430084368e+00 
       1.636012292677e-02       4.859304461143e+00 
       1.648558376655e-02       4.857869159832e+00 
       1.661109012028e-02       4.856132883781e+00 
       1.673664263428e-02       4.854097381419e+00 
       1.686224197652e-02       4.851770710517e+00 
       1.698788883685e-02       4.849155190165e+00 
       1.711358392725e-02       4.846251314555e+00 
       1.723932798205e-02       4.843070266245e+00 
       1.736512175823e-02       4.839611268512e+00 
       1.749096603570e-02       4.835880628457e+00 
       1.761686161762e-02       4.831879808474e+00 
       1.774280933070e-02       4.827623631453e+00 
       1.786881002554e-02       4.823099355119e+00 
       1.799486457700e-02       4.818327351530e+00 
       1.812097388457e-02       4.813299418386e+00 
       1.824713887274e-02       4.808022999428e+00 
       1.837336049141e-02       4.802505802284e+00 
       1.849963971633e-02       4.796750666380e+00 
       1.862597754953e-02       4.790755741937e+00 
       1.875237501977e-02       4.784531941415e+00 
       1.887883318301e-02       4.778079448046e+00 
       1.900535312294e-02       4.771406968479e+00 
       1.913193595143e-02       4.764510675249e+00 
       1.925858280911e-02       4.757400465245e+00 
       1.938529486592e-02       4.750073564581e+00 
       1.951207332163e-02       4.742541852753e+00 
       1.963891940648e-02       4.734800139918e+00 
       1.976583438176e-02       4.726861581292e+00 
       1.989281954046e-02       4.718722728222e+00 
       2.001987620788e-02       4.710388853090e+00 
       2.014700574237e-02       4.701867501956e+00 
       2.027420953594e-02       4.693153849269e+00 
       2.040148901504e-02       4.684257464403e+00 
       2.052884564128e-02       4.675179536800e+00 
       2.065628091220e-02       4.665926118965e+00 
       2.078379636203e-02       4.656499931734e+00 
       2.091139356253e-02       4.646901690213e+00 
       2.103907412384e-02       4.637128664882e+00 
       2.116683969530e-02       4.627202550871e+00 
       2.129469196640e-02       4.617104637652e+00 
       2.142263266765e-02       4.606848591567e+00 
       2.155066357157e-02       4.596449383605e+00 
       2.167878649364e-02       4.585900329812e+00 
       2.180700329333e-02       4.575187796164e+00 
       2.193531587513e-02       4.564339367898e+00 
       2.206372618964e-02       4.553343961074e+00 
       2.219223623466e-02       4.542211708591e+00 
       2.232084805636e-02       4.530948198551e+00 
       2.244956375042e-02       4.519546520916e+00 
       2.257838546331e-02       4.508010756654e+00 
       2.270731539347e-02       4.496355503790e+00 
       2.283635579267e-02       4.484570125347e+00 
       2.296550896730e-02       4.472655904254e+00 
       2.309477727980e-02       4.460641609847e+00 
       2.322416315002e-02       4.448502109772e+00 
       2.335366905675e-02       4.436250064383e+00 
       2.348329753921e-02       4.423883220055e+00 
       2.361305119861e-02       4.411410370722e+00 
       2.374293269977e-02       4.398831965805e+00 
       2.387294477280e-02       4.386157319081e+00 
       2.400309021484e-02       4.373373767827e+00 
       2.413337189178e-02       4.360503069918e+00 
       2.426379274017e-02       4.347533980095e+00 
       2.439435576908e-02       4.334465247036e+00 
       2.452506406208e-02       4.321315570361e+00 
       2.465592077927e-02       4.308072726704e+00 
       2.478692915937e-02       4.294756400146e+00 
       2.491809252189e-02       4.281347957880e+00 
       2.504941426942e-02       4.267858417234e+00 
       2.518089788986e-02       4.254293477402e+00 
       2.531254695892e-02       4.240668869659e+00 
       2.544436514254e-02       4.226948136206e+00 
       2.557635619949e-02       4.213155704287e+00 
       2.570852398403e-02       4.199312844647e+00 
       2.584087244865e-02       4.185401245330e+00 
       2.597340564696e-02       4.171410246155e+00 
       2.610612773662e-02       4.157373320442e+00 
       2.623904298241e-02       4.143271951299e+00 
       2.637215575941e-02       4.129109491322e+00 
       2.650547055630e-02       4.114899999769e+00 
       2.663899197875e-02       4.100620664737e+00 
       2.677272475300e-02       4.086307854890e+00 
       2.690667372948e-02       4.071940000191e+00 
       2.704084388668e-02       4.057516911831e+00 
       2.717524033506e-02       4.043053373269e+00 
       2.730986832117e-02       4.028555376704e+00 
       2.744473323193e-02       4.014007857797e+00 
       2.757984059904e-02       3.999407487189e+00 
       2.771519610360e-02       3.984783735693e+00 
       2.785080558089e-02       3.970130124056e+00 
       2.798667502534e-02       3.955419982580e+00 
       2.812281059571e-02       3.940691231886e+00 
       2.825921862046e-02       3.925922632315e+00 
       2.839590560337e-02       3.911137851876e+00 
       2.853287822937e-02       3.896314379788e+00 
       2.867014337060e-02       3.881467543749e+00 
       2.880770809274e-02       3.866587095920e+00 
       2.894557966159e-02       3.851686807804e+00 
       2.908376554997e-02       3.836768238351e+00 
       2.922227344485e-02       3.821839735129e+00 
       2.936111125486e-02       3.806874843881e+00 
       2.950028711803e-02       3.791900275512e+00 
       2.963980940998e-02       3.776901556020e+00 
       2.977968675242e-02       3.761887775988e+00 
       2.991992802197e-02       3.746864342039e+00 
       3.006054235952e-02       3.731831608958e+00 
       3.020153917986e-02       3.716780745786e+00 
       3.034292818185e-02       3.701723631367e+00 
       3.048471935906e-02       3.686652281782e+00 
       3.062692301082e-02       3.671569650390e+00 
       3.076954975391e-02       3.656502216403e+00 
       3.091261053472e-02       3.641422582800e+00 
       3.105611664203e-02       3.626313550976e+00 
       3.120007972039e-02       3.611230518968e+00 
       3.134451178417e-02       3.596120962573e+00 
       3.148942523232e-02       3.581021956605e+00 
       3.163483286384e-02       3.565923703178e+00 
       3.178074789403e-02       3.550828860755e+00 
       3.192718397158e-02       3.535722434351e+00 
       3.207415519655e-02       3.520624841697e+00 
       3.222167613928e-02       3.505532074208e+00 
       3.236976186026e-02       3.490438589208e+00 
       3.251842793110e-02       3.475363711989e+00 
       3.266769045662e-02       3.460257747988e+00 
       3.281756609808e-02       3.445203850885e+00 
       3.296807209781e-02       3.430126937519e+00 
       3.311922630503e-02       3.415051717976e+00 
       3.327104720329e-02       3.400012730017e+00 
       3.342355393934e-02       3.384961011911e+00 
       3.357676635374e-02       3.369906507297e+00 
       3.373070501315e-02       3.354887804532e+00 
       3.388539124463e-02       3.339869167307e+00 
       3.404084717188e-02       3.324856583201e+00 
       3.419709575366e-02       3.309853100669e+00 
       3.435416082463e-02       3.294872039924e+00 
       3.451206713858e-02       3.279898023701e+00 
       3.467084041444e-02       3.264914002555e+00 
       3.483050738512e-02       3.249953185826e+00 
       3.499109584951e-02       3.235006949694e+00 
       3.515263472782e-02       3.220086826827e+00 
       3.531515412053e-02       3.205164854548e+00 
       3.547868537122e-02       3.190256076882e+00 
       3.564326113364e-02       3.175358711120e+00 
       3.580891544335e-02       3.160473767731e+00 
       3.597568379423e-02       3.145601661540e+00 
       3.614360322038e-02       3.130745202457e+00 
       3.631271238380e-02       3.115876843392e+00 
       3.648305166828e-02       3.101044693605e+00 
       3.665466328025e-02       3.086226608269e+00 
       3.682759135694e-02       3.071418210747e+00 
       3.700188208264e-02       3.056613005036e+00 
       3.717758381384e-02       3.041822749715e+00 
       3.735474721393e-02       3.027039499014e+00 
       3.753342539844e-02       3.012253765196e+00 
       3.771367409180e-02       2.997489054173e+00 
       3.789555179669e-02       2.982740572455e+00 
       3.807911997726e-02       2.967986119668e+00 
       3.826444325751e-02       2.953249938857e+00 
       3.845158963647e-02       2.938518208132e+00 
       3.864063072175e-02       2.923791907980e+00 
       3.883164198345e-02       2.909067930560e+00 
       3.902470303062e-02       2.894343659770e+00 
       3.921989791253e-02       2.879627282001e+00 
       3.941731544758e-02       2.864909056432e+00 
       3.961704958289e-02       2.850190728125e+00 
       3.981919978798e-02       2.835476321844e+00 
       4.002387148648e-02       2.820759163308e+00 
       4.023117653032e-02       2.806035817308e+00 
       4.044123372141e-02       2.791307712700e+00 
       4.065416938658e-02       2.776573247589e+00 
       4.087011801240e-02       2.761829817311e+00 
       4.108922294733e-02       2.747077144801e+00 
       4.131163717982e-02       2.732305855321e+00 
       4.153752420241e-02       2.717524671368e+00 
       4.176705897322e-02       2.702730980248e+00 
       4.200042898802e-02       2.687909294926e+00 
       4.223783547839e-02       2.673073272298e+00 
       4.247949475379e-02       2.658208375213e+00 
       4.272563970839e-02       2.643314351314e+00 
       4.297652151713e-02       2.628391207572e+00 
       4.323241154967e-02       2.613428471453e+00 
       4.349360353592e-02       2.598430228622e+00 
       4.376041602319e-02       2.583385709157e+00 
       4.403319517213e-02       2.568297794710e+00 
       4.431231794788e-02       2.553159094953e+00 
       4.459819577357e-02       2.537959432522e+00 
       4.489127872701e-02       2.522700266084e+00 
       4.519206037738e-02       2.507365218632e+00 
       4.550108337953e-02       2.491964611527e+00 
       4.581894596815e-02       2.476485349793e+00 
       4.614630952536e-02       2.460905052924e+00 
       4.648390743429e-02       2.445214148562e+00 
       4.683255547970e-02       2.429432508397e+00 
       4.719316411816e-02       2.413520221960e+00 
       4.756675301773e-02       2.397482930238e+00 
       4.795446836503e-02       2.381313482156e+00 
       4.835760356241e-02       2.364993835463e+00 
       4.877762409663e-02       2.348480516478e+00 
       4.921619756285e-02       2.331765559557e+00 
       4.967523008562e-02       2.314815976531e+00 
       5.015691070604e-02       2.297620690936e+00 
       5.066376571717e-02       2.280146698033e+00 
       5.119872544391e-02       2.262338095519e+00 
       5.176520658853e-02       2.244176641702e+00 
       5.236721399178e-02       2.225590198803e+00 
       5.300946644312e-02       2.206506229776e+00 
       5.369755187007e-02       2.186838810867e+00 
       5.443811751592e-02       2.166481871671e+00 
       5.523909986870e-02       2.145292518203e+00 
       5.610999570581e-02       2.123080473889e+00 
       5.706216694303e-02       2.099593346927e+00 
       5.810915312358e-02       2.074514327318e+00 
       5.926692834861e-02       2.047383624500e+00 
       6.055397337690e-02       2.017606110818e+00 
       6.199093019779e-02       1.984368635935e+00 
       6.359947941573e-02       1.946620377418e+00 
       6.540001143586e-02       1.903071611407e+00 
       6.740785584535e-02       1.852263601695e+00 
       6.962856954584e-02       1.792844040650e+00 
       7.205402576627e-02       1.723972683048e+00 
       7.466181558845e-02       1.645827819819e+00 
       7.741925945704e-02       1.559915651691e+00 
       8.029037151845e-02       1.468997758959e+00 
       8.324228136121e-02       1.376620467523e+00 
       8.624873568324e-02       1.286490435713e+00 
       8.929066763551e-02       1.201905143622e+00 
       9.235510012400e-02       1.125370958729e+00 
       9.543357075755e-02       1.058436685512e+00 
       9.852071039889e-02       1.001698485783e+00 
       1.016131705669e-01       9.548851622838e-01 
       1.047088850236e-01       9.170573729584e-01 
       1.078065869652e-01       8.867558812294e-01 
       1.109055026927e-01       8.622007224857e-01 
       1.140051606950e-01       8.414617911177e-01 
       1.171052739291e-01       8.226282075861e-01 
       1.202056676986e-01       8.039788120408e-01 
       1.233062356398e-01       7.841175279410e-01 
       1.264069129232e-01       7.620920879535e-01 
       1.295076599588e-01       7.374453281455e-01 
       1.326084524970e-01       7.102156085158e-01 
       1.357092756157e-01       6.808660556693e-01 
       1.388101200703e-01       6.501764530332e-01 
       1.419109800763e-01       6.191023208498e-01 
       1.450118519627e-01       5.886408392486e-01 
       1.481127333536e-01       5.597086666480e-01 
       1.512136226708e-01       5.330610173557e-01 
       1.543145188302e-01       5.092163227157e-01 
       1.574154210577e-01       4.884312474717e-01 
       1.605163287752e-01       4.707394272610e-01 
       1.636172415321e-01       4.559435738808e-01 
       1.667181589622e-01       4.436769374888e-01 
       1.698190807569e-01       4.334195109859e-01 
       1.729200066488e-01       4.246174769918e-01 
       1.760209364009e-01       4.166919812195e-01 
       1.791218697997e-01       4.091633918508e-01 
       1.822228066506e-01       4.014298299214e-01 
       1.853237467746e-01       3.930994194649e-01 
       1.884246900064e-01       3.839256134284e-01 
       1.915256361923e-01       3.738247358939e-01 
       1.946265851889e-01       3.628695749990e-01 
       1.977275368625e-01       3.512596130346e-01 
       2.008284910877e-01       3.392755535659e-01 
       2.039294477471e-01       3.272434212345e-01 
       2.070304067303e-01       3.154691567852e-01 
       2.101313679336e-01       3.042223840784e-01 
       2.132323312595e-01       2.937198618272e-01 
       2.163332966159e-01       2.841089818904e-01 
       2.194342639162e-01       2.754748296010e-01 
       2.225352330786e-01       2.678392455974e-01 
       2.256362040257e-01       2.611442553181e-01 
       2.287371766844e-01       2.552975726828e-01 
       2.318381509857e-01       2.501430258028e-01 
       2.349391268640e-01       2.454997656476e-01 
       2.380401042573e-01       2.411710660920e-01 
       2.411410831068e-01       2.369752401195e-01 
       2.442420633567e-01       2.327611571231e-01 
       2.473430449540e-01       2.284059713236e-01 
       2.504440278483e-01       2.238390348802e-01 
       2.535450119918e-01       2.190284094797e-01 
       2.566459973389e-01       2.139818157438e-01 
       2.597469838462e-01       2.087390531111e-01 
       2.628479714724e-01       2.033719094093e-01 
       2.659489601782e-01       1.979717147572e-01 
       2.690499499260e-01       1.926376505293e-01 
       2.721509406800e-01       1.874690980448e-01 
       2.752519324060e-01       1.825508371156e-01 
       2.783529250714e-01       1.779441576688e-01 
       2.814539186449e-01       1.736822152220e-01 
       2.845549130966e-01       1.697739217784e-01 
       2.876559083981e-01       1.662009776608e-01 
       2.907569045219e-01       1.629303403003e-01 
       2.938579014420e-01       1.599122663075e-01 
       2.969588991332e-01       1.570958196116e-01 
       3.000598975715e-01       1.544246724381e-01 
       3.031608967339e-01       1.518422739434e-01 
       3.062618965982e-01       1.492965885282e-01 
       3.093628971433e-01       1.467432313773e-01 
       3.124638983487e-01       1.441507089393e-01 
       3.155649001950e-01       1.415027109600e-01 
       3.186659026633e-01       1.387990598338e-01 
       3.217669057355e-01       1.360519480146e-01 
       3.248679093943e-01       1.332841210436e-01 
       3.279689136230e-01       1.305225699586e-01 
       3.310699184054e-01       1.277950125059e-01 
       3.341709237261e-01       1.251277611825e-01 
       3.372719295702e-01       1.225449484601e-01 
       3.403729359232e-01       1.200660753231e-01 
       3.434739427715e-01       1.177051670158e-01 
       3.465749501015e-01       1.154721642699e-01 
       3.496759579004e-01       1.133672104941e-01 
       3.527769661558e-01       1.113835404374e-01 
       3.558779748558e-01       1.095071153203e-01 
       3.589789839887e-01       1.077195734610e-01 
       3.620799935433e-01       1.059994685900e-01 
       3.651810035090e-01       1.043283836609e-01 
       3.682820138752e-01       1.026898818725e-01 
       3.713830246319e-01       1.010711924532e-01 
       3.744840357693e-01       9.946327080534e-02 
       3.775850472781e-01       9.786007267604e-02 
       3.806860591491e-01       9.625850157495e-02 
       3.837870713735e-01       9.465828083943e-02 
       3.868880839427e-01       9.306257092197e-02 
       3.899890968486e-01       9.147722317887e-02 
       3.930901100830e-01       8.991070087342e-02 
       3.961911236384e-01       8.837215387633e-02 
       3.992921375071e-01       8.686983236217e-02 
       4.023931516818e-01       8.541012019680e-02 
       4.054941661557e-01       8.399690432315e-02 
       4.085951809217e-01       8.263153208992e-02 
       4.116961959733e-01       8.131378687943e-02 
       4.147972113040e-01       8.004244056448e-02 
       4.178982269077e-01       7.881578498432e-02 
       4.209992427782e-01       7.763108629141e-02 
       4.241002589097e-01       7.648457565420e-02 
       4.272012752965e-01       7.537117841588e-02 
       4.303022919330e-01       7.428504606574e-02 
       4.334033088139e-01       7.322001976204e-02 
       4.365043259339e-01       7.217108709329e-02 
       4.396053432879e-01       7.113464147569e-02 
       4.427063608711e-01       7.010871806585e-02 
       4.458073786786e-01       6.909304169521e-02 
       4.489083967058e-01       6.808798733519e-02 
       4.520094149481e-01       6.709424268286e-02 
       4.551104334010e-01       6.611286268403e-02 
       4.582114520605e-01       6.514510584325e-02 
       4.613124709221e-01       6.419269881178e-02 
       4.644134899819e-01       6.325805102958e-02 
       4.675145092360e-01       6.234377099136e-02 
       4.706155286804e-01       6.145221508658e-02 
       4.737165483114e-01       6.058487290272e-02 
       4.768175681254e-01       5.974193285654e-02 
       4.799185881188e-01       5.892232832054e-02 
       4.830196082881e-01       5.812426906311e-02 
       4.861206286300e-01       5.734566520828e-02 
       4.892216491411e-01       5.658460292264e-02 
       4.923226698183e-01       5.583945649070e-02 
       4.954236906585e-01       5.510886581657e-02 
       4.985247116585e-01       5.439128642306e-02 
       5.016257328155e-01       5.368524924849e-02 
       5.047267541264e-01       5.298920013267e-02 
       5.078277755885e-01       5.230192258400e-02 
       5.109287971991e-01       5.162283500384e-02 
       5.140298189553e-01       5.095203917579e-02 
       5.171308408547e-01       5.029053760408e-02 
       5.202318628946e-01       4.963930658972e-02 
       5.233328850725e-01       4.899922184467e-02 
       5.264339073859e-01       4.837084353582e-02 
       5.295349298326e-01       4.775418553000e-02 
       5.326359524101e-01       4.714908992618e-02 
       5.357369751162e-01       4.655554856766e-02 
       5.388379979486e-01       4.597337788864e-02 
       5.419390209052e-01       4.540295587158e-02 
       5.450400439839e-01       4.484428026556e-02 
       5.481410671825e-01       4.429719187454e-02 
       5.512420904991e-01       4.376108371845e-02 
       5.543431139316e-01       4.323499707836e-02 
       5.574441374781e-01       4.271792483976e-02 
       5.605451611368e-01       4.220916098062e-02 
       5.636461849057e-01       4.170819397017e-02 
       5.667472087831e-01       4.121504211347e-02 
       5.698482327671e-01       4.072951624481e-02 
       5.729492568561e-01       4.025153486320e-02 
       5.760502810483e-01       3.978080640535e-02 
       5.791513053420e-01       3.931686758926e-02 
       5.822523297358e-01       3.885936197270e-02 
       5.853533542278e-01       3.840818965870e-02 
       5.884543788167e-01       3.796353121539e-02 
       5.915554035008e-01       3.752578032937e-02 
       5.946564282787e-01       3.709536611753e-02 
       5.977574531490e-01       3.667247206593e-02 
       6.008584781101e-01       3.625697890561e-02 
       6.039595031606e-01       3.584854409769e-02 
       6.070605282993e-01       3.544681979231e-02 
       6.101615535247e-01       3.505153287329e-02 
       6.132625788356e-01       3.466259008700e-02 
       6.163636042306e-01       3.428005055609e-02 
       6.194646297084e-01       3.390392548576e-02 
       6.225656552679e-01       3.353401919776e-02 
       6.256666809078e-01       3.317001304895e-02 
       6.287677066270e-01       3.281138634320e-02 
       6.318687324242e-01       3.245772522357e-02 
       6.349697582983e-01       3.210881708959e-02 
       6.380707842481e-01       3.176464754727e-02 
       6.411718102727e-01       3.142538930336e-02 
       6.442728363709e-01       3.109114325701e-02 
       6.473738625416e-01       3.076195936597e-02 
       6.504748887838e-01       3.043764939523e-02 
       6.535759150964e-01       3.011797990006e-02 
       6.566769414786e-01       2.980272924304e-02 
       6.597779679293e-01       2.949178426706e-02 
       6.628789944474e-01       2.918522745400e-02 
       6.659800210322e-01       2.888326102299e-02 
       6.690810476827e-01       2.858596681442e-02 
       6.721820743978e-01       2.829339052080e-02 
       6.752831011769e-01       2.800527422571e-02 
       6.783841280189e-01       2.772132422932e-02 
       6.814851549230e-01       2.744129317076e-02 
       6.845861818884e-01       2.716503793098e-02 
       6.876872089143e-01       2.689257146244e-02 
       6.907882359997e-01       2.662396303028e-02 
       6.938892631440e-01       2.635924389869e-02 
       6.969902903463e-01       2.609840046180e-02 
       7.000913176059e-01       2.584127760342e-02 
       7.031923449220e-01       2.558746544920e-02 
       7.062933722939e-01       2.533676602454e-02 
       7.093943997207e-01       2.508928505582e-02 
       7.124954272019e-01       2.484499385143e-02 
       7.155964547367e-01       2.460404829264e-02 
       7.186974823243e-01       2.436652622241e-02 
       7.217985099642e-01       2.413238429694e-02 
       7.248995376556e-01       2.390146230420e-02 
       7.280005653980e-01       2.367354598554e-02 
       7.464455758911e-01       2.237787039864e-02 
       7.651667369904e-01       2.116261908199e-02 
       7.841776807609e-01       2.002076254750e-02 
       8.034934157474e-01       1.894644024424e-02 
       8.231301148749e-01       1.793500445322e-02 
       8.431049009566e-01       1.698153236582e-02 
       8.634356369493e-01       1.608216393368e-02 
       8.841407269858e-01       1.523335611834e-02 
       9.052389330669e-01       1.443140914240e-02 
       9.267492111720e-01       1.367304071729e-02 
       9.486905694695e-01       1.295550194548e-02 
       9.710819503027e-01       1.227608791053e-02 
       9.939421366890e-01       1.163254743091e-02 
       1.017289683224e+00       1.102278222631e-02 
       1.041142870509e+00       1.044476686158e-02 
       1.065519681575e+00       9.896728346241e-03 
       1.090437798200e+00       9.377023634472e-03 
       1.115914614608e+00       8.884121510081e-03 
       1.141967265759e+00       8.416628146017e-03 
       1.168612667242e+00       7.973137368549e-03 
       1.195867563839e+00       7.552409267522e-03 
       1.223748583886e+00       7.153278721215e-03 
       1.252272296823e+00       6.774505521166e-03 
       1.281455271632e+00       6.415255884661e-03 
       1.311314134255e+00       6.074539078052e-03 
       1.341865622465e+00       5.751408109591e-03 
       1.373126637132e+00       5.444908420943e-03 
       1.405114289159e+00       5.154275449800e-03 
       1.437845941780e+00       4.878772398842e-03 
       1.471339248146e+00       4.617467799939e-03 
       1.505612184415e+00       4.369755577769e-03 
       1.540683078698e+00       4.135022205809e-03 
       1.576570636332e+00       3.912470735383e-03 
       1.613293962009e+00       3.701607533001e-03 
       1.650872579296e+00       3.501740880552e-03 
       1.689326448072e+00       3.312473524469e-03 
       1.728675980336e+00       3.133065897439e-03 
       1.768942054827e+00       2.963130729998e-03 
       1.810146030777e+00       2.802205343882e-03 
       1.852309761107e+00       2.649767336155e-03 
       1.895455605294e+00       2.505416979642e-03 
       1.939606442072e+00       2.368732883014e-03 
       1.984785682127e+00       2.239314843983e-03 
       2.031017280857e+00       2.116813417971e-03 
       2.078325751307e+00       2.000842883597e-03 
       2.126736177300e+00       1.891045505007e-03 
       2.176274226817e+00       1.787152693005e-03 
       2.226966165660e+00       1.688850500040e-03 
       2.278838871403e+00       1.595809144232e-03 
       2.331919847661e+00       1.507785220876e-03 
       2.386237238680e+00       1.424504652756e-03 
       2.441819844264e+00       1.345724981035e-03 
       2.498697135050e+00       1.271202665277e-03 
       2.556899268129e+00       1.200714044392e-03 
       2.616457103044e+00       1.134061789679e-03 
       2.677402218149e+00       1.071019624045e-03 
       2.739766927348e+00       1.011419635174e-03 
       2.803584297238e+00       9.550575911412e-04 
       2.868888164632e+00       9.017770900874e-04 
       2.935713154505e+00       8.514106968927e-04 
       3.004094698352e+00       8.037995810034e-04 
       3.074069052971e+00       7.587963675320e-04 
       3.145673319693e+00       7.162651188173e-04 
       3.218945464046e+00       6.760726227447e-04 
       3.293924335892e+00       6.380929278348e-04 
       3.370649690021e+00       6.022072270735e-04 
       3.449162207232e+00       5.683023086832e-04 
       3.529503515900e+00       5.362682881421e-04 
       3.611716214051e+00       5.060072728055e-04 
       3.695843891945e+00       4.774309756276e-04 
       3.781931155191e+00       4.504290867188e-04 
       3.870023648395e+00       4.249321505211e-04 
       3.960168079364e+00       4.008514782783e-04 
       4.052412243867e+00       3.781125242273e-04 
       4.146805050982e+00       3.566439824313e-04 
       4.243396549024e+00       3.363708395315e-04 
       4.342237952085e+00       3.172338996177e-04 
       4.443381667184e+00       2.991624908835e-04 
       4.546881322058e+00       2.821100073085e-04 
       4.652791793594e+00       2.660118227757e-04 
       4.761169236926e+00       2.508128009569e-04 
       4.872071115209e+00       2.364737080170e-04 
       4.985556230087e+00       2.229392224808e-04 
       5.101684752870e+00       2.101668700731e-04 
       5.220518256437e+00       1.981156756384e-04 
       5.342119747886e+00       1.867449556404e-04 
       5.466553701937e+00       1.760156257372e-04 
       5.593886095118e+00       1.658947578787e-04 
       5.724184440751e+00       1.563469054480e-04 
       5.857517824743e+00       1.473404481044e-04 
       5.993956942219e+00       1.388442525169e-04 
       6.133574135006e+00       1.308313201957e-04 
       6.276443429986e+00       1.232736058099e-04 
       6.422640578351e+00       1.161472825398e-04 
       6.572243095764e+00       1.094259225994e-04 
       6.725330303461e+00       1.030880092387e-04 
       6.881983370305e+00       9.711174338187e-05 
       7.042285355826e+00       9.147738418101e-05 
       7.206321254258e+00       8.616478911495e-05 
       7.374178039606e+00       8.115743410151e-05 
       7.545944711760e+00       7.643506445362e-05 
       7.721712343682e+00       7.198507250886e-05 
       7.901574129697e+00       6.779021596114e-05 
       8.085625434906e+00       6.383605988958e-05 
       8.273963845747e+00       6.010938723995e-05 
       8.466689221737e+00       5.659717113527e-05 
       8.663903748422e+00       5.328739979400e-05 
       8.865711991556e+00       5.016835051849e-05 
       9.072220952538e+00       4.722918064597e-05 
       9.283540125155e+00       4.445963325101e-05 
       9.499781553628e+00       4.185012029527e-05 
       9.721059892026e+00       3.939167844243e-05 
       9.947492465052e+00       3.707554550103e-05 
       1.017919933025e+01       3.489334556050e-05 
       1.041630334168e+01       3.283812496126e-05 
       1.065893021501e+01       3.090182944867e-05 
       1.090720859423e+01       2.907791571316e-05 
       1.116127011982e+01       2.735989653883e-05 
       1.142124949856e+01       2.574206840069e-05 
       1.168728457497e+01       2.421819776595e-05 
       1.195951640436e+01       2.278301221375e-05 
       1.223808932764e+01       2.143149566056e-05 
       1.252315104788e+01       2.015870257504e-05 
       1.281485270857e+01       1.896031229701e-05 
       1.311334897379e+01       1.783171292362e-05 
       1.341879811021e+01       1.676917258151e-05 
       1.373136207101e+01       1.576880312326e-05 
       1.405120658174e+01       1.482690560257e-05 
       1.437850122818e+01       1.394009724854e-05 
       1.471341954630e+01       1.310516680389e-05 
       1.505613911421e+01       1.231922135024e-05 
       1.540684164638e+01       1.157941072730e-05 
       1.576571308992e+01       1.088296153838e-05 
       1.613294372322e+01       1.022735944932e-05 
       1.650872825683e+01       9.610388468067e-06 
       1.689326593668e+01       9.029628444250e-06 
       1.728676064974e+01       8.482998369936e-06 
       1.768942103212e+01       7.968540828201e-06 
       1.810146057967e+01       7.484409700727e-06 
       1.852309776122e+01       7.028718497039e-06 
       1.895455613439e+01       6.599902835089e-06 
       1.939606446411e+01       6.196372296779e-06 
       1.984785684395e+01       5.816600067181e-06 
       2.031017282021e+01       5.459294829250e-06 
       2.078325751893e+01       5.123075315007e-06 
       2.126736177589e+01       4.806687041358e-06 
       2.176274226957e+01       4.509069648410e-06 
       2.226966165726e+01       4.228996816490e-06 
       2.278838871434e+01       3.965488493287e-06 
       2.331919847675e+01       3.717618489663e-06 
       2.386237238686e+01       3.484407836738e-06 
       2.441819844267e+01       3.265010008791e-06 
       2.498697135051e+01       3.058637293510e-06 
       2.556899268129e+01       2.864487833072e-06 
       2.616457103045e+01       2.681852619921e-06 
       2.677402218149e+01       2.510072231281e-06 
       2.739766927349e+01       2.348524892945e-06 
       2.803584297238e+01       2.196570333553e-06 
       2.868888164632e+01       2.053667665201e-06 
       2.935713154505e+01       1.919269628326e-06 
       3.004094698352e+01       1.792931536354e-06 
       3.074069052971e+01       1.674095520713e-06 
       3.145673319693e+01       1.562372269500e-06 
       3.218945464046e+01       1.457351507179e-06 
       3.293924335892e+01       1.358625710093e-06 
       3.370649690021e+01       1.265836189087e-06 
       3.449162207232e+01       1.178637816122e-06 
       3.529503515900e+01       1.096676766108e-06 
       3.611716214051e+01       1.019683861084e-06 
       3.695843891945e+01       9.473613300707e-07 
       3.781931155191e+01       8.794479727264e-07 
       3.870023648395e+01       8.156582015207e-07 
       3.960168079364e+01       7.557800098987e-07 
       4.052412243867e+01       6.996061842969e-07 
       4.146805050982e+01       6.468804856294e-07 
       4.243396549024e+01       5.974439091707e-07 
       4.342237952085e+01       5.510902048798e-07 
       4.443381667184e+01       5.076561959726e-07 
       4.546881322058e+01       4.669743811441e-07 
       4.652791793594e+01       4.288894641312e-07 
       4.761169236926e+01       3.932610551261e-07 
       4.872071115209e+01       3.599479657668e-07 
       4.985556230087e+01       3.288372675416e-07 
       5.101684752870e+01       2.997763254036e-07 
       5.220518256437e+01       2.726982671141e-07 
       5.342119747886e+01       2.474569139818e-07 
       5.466553701937e+01       2.239781730013e-07 
       5.593886095118e+01       2.021595839768e-07 
       5.724184440751e+01       1.819097137253e-07 
       5.857517824743e+01       1.631479789008e-07 
       5.993956942219e+01       1.457963604010e-07 
       6.133574135006e+01       1.297873378110e-07 
       6.276443429986e+01       1.150413025661e-07 
       6.422640578351e+01       1.014875577870e-07 
       6.572243095764e+01       8.907107952967e-08 
       6.725330303461e+01       7.772735471943e-08 
       6.881983370305e+01       6.740413288074e-08 
       7.042285355826e+01       5.803984890131e-08 
       7.206321254258e+01       4.958381900063e-08 
       7.374178039606e+01       4.198387077370e-08 
       7.545944711760e+01       3.518762656090e-08 
       7.721712343682e+01       2.915416760809e-08 
       7.901574129697e+01       2.383358930252e-08 
       8.085625434906e+01       1.918222451959e-08 
       8.273963845747e+01       1.515320985974e-08 
       8.466689221737e+01       1.170258135861e-08 
       8.663903748422e+01       8.792239183192e-09 
       8.865711991556e+01       6.377333964897e-09 
       9.072220952538e+01       4.417079199401e-09 
       9.283540125155e+01       2.871176832404e-09 
       9.499781553628e+01       1.700573957673e-09 
       9.721059892026e+01       8.672861134841e-10 
       9.947492465051e+01       3.317903750121e-10 
       1.017919933025e+02       5.689705264896e-11 
       1.041630334168e+02       6.494901213193e-12 
       1.065893021501e+02       1.452147625794e-10 
       1.090720859423e+02       4.379979542508e-10 
       1.116127011982e+02       8.546461001916e-10 
       1.142124949856e+02       1.361373439340e-09 
       1.168728457497e+02       1.930253933199e-09 
       1.195951640436e+02       2.532328389842e-09 
       1.223808932764e+02       3.143486033336e-09 
       1.252315104788e+02       3.742004983278e-09 
       1.281485270857e+02       4.303650300848e-09 
       1.311334897379e+02       4.814298545711e-09 
       1.341879811021e+02       5.258098455190e-09 
       1.373136207101e+02       5.622716685936e-09 
       1.405120658174e+02       5.901683498173e-09 
       1.437850122818e+02       6.086833893929e-09 
       1.471341954630e+02       6.176847827986e-09 
       1.505613911421e+02       6.172244997615e-09 
       1.540684164638e+02       6.074049664878e-09 
       1.576571308992e+02       5.892811905051e-09 
       1.613294372322e+02       5.632537077211e-09 
       1.650872825683e+02       5.304679239654e-09 
       1.689326593668e+02       4.921163907188e-09 
       1.728676064974e+02       4.494068442080e-09 
       1.768942103212e+02       4.037330416205e-09 
       1.810146057967e+02       3.564083555885e-09 
       1.852309776122e+02       3.088423992539e-09 
       1.895455613439e+02       2.622146381224e-09 
       1.939606446411e+02       2.177101948220e-09 
       1.984785684395e+02       1.762563876893e-09 
       2.031017282021e+02       1.386470127559e-09 
