# Matter power spectrum P(k) at redshift z=99
# for k=1.00899e-05 to 203.102 h/Mpc,
# number of wavenumbers equal to 845
#    1:k (h/Mpc)              2:P (Mpc/h)^3        
       1.008985923246e-05       4.868198757507e-03 
       2.251775554681e-05       3.993260527078e-02 
       3.498636120247e-05       4.131497464918e-02 
       4.752690064658e-05       4.678325957410e-02 
       6.017107953230e-05       5.236024155334e-02 
       7.295134796122e-05       6.148044000664e-02 
       8.590117158737e-05       6.929617025743e-02 
       9.905531395762e-05       7.683707705118e-02 
       1.124501334903e-04       8.670028544661e-02 
       1.261238985241e-04       9.661878032990e-02 
       1.401171238832e-04       1.067412634678e-01 
       1.544729323814e-04       1.179909639800e-01 
       1.692374445844e-04       1.285073178638e-01 
       1.844601999316e-04       1.399754374698e-01 
       2.001946119095e-04       1.512310395098e-01 
       2.164984592990e-04       1.635550330026e-01 
       2.334344144703e-04       1.759458156737e-01 
       2.510706081373e-04       1.879864455792e-01 
       2.694812277303e-04       2.012322717909e-01 
       2.887471433953e-04       2.151226018499e-01 
       3.089565513139e-04       2.294851171048e-01 
       3.302056182976e-04       2.445082681319e-01 
       3.525991041420e-04       2.604187802443e-01 
       3.762509287930e-04       2.771428319804e-01 
       4.012846398372e-04       2.948546805269e-01 
       4.278337222871e-04       3.135459034192e-01 
       4.560416775835e-04       3.332976209770e-01 
       4.860617833145e-04       3.543227300132e-01 
       5.180564313506e-04       3.765791434659e-01 
       5.521959330390e-04       4.004356515235e-01 
       5.886566801031e-04       4.256876570150e-01 
       6.276185643138e-04       4.525972729003e-01 
       6.692615934693e-04       4.813039255651e-01 
       7.137617003222e-04       5.118020346364e-01 
       7.612858261435e-04       5.442785892440e-01 
       8.119864671933e-04       5.788161167447e-01 
       8.659959882004e-04       6.154287885660e-01 
       9.234211115549e-04       6.541718265025e-01 
       9.843380583383e-04       6.951351353836e-01 
       1.048788822492e-03       7.382623975023e-01 
       1.116778986862e-03       7.835183072700e-01 
       1.188277341593e-03       8.309064304614e-01 
       1.263217364035e-03       8.803010939313e-01 
       1.341500403710e-03       9.316109954360e-01 
       1.423000229794e-03       9.846853435980e-01 
       1.507568477172e-03       1.039493520740e+00 
       1.595040487038e-03       1.095779384389e+00 
       1.685241074673e-03       1.153420218893e+00 
       1.777989849548e-03       1.212279498118e+00 
       1.873105833077e-03       1.272195833427e+00 
       1.970411240942e-03       1.333009335365e+00 
       2.069734400901e-03       1.394567654744e+00 
       2.170911853969e-03       1.456748099877e+00 
       2.273789735124e-03       1.519419313607e+00 
       2.378224553043e-03       1.582437014351e+00 
       2.484083492891e-03       1.645711404315e+00 
       2.591244358339e-03       1.709116146054e+00 
       2.699595254278e-03       1.772560420998e+00 
       2.809034094327e-03       1.835951957228e+00 
       2.919467999818e-03       1.899209901848e+00 
       3.030812641171e-03       1.962261556610e+00 
       3.142991559080e-03       2.025024706693e+00 
       3.255935491967e-03       2.087443424573e+00 
       3.369581727509e-03       2.149461574912e+00 
       3.483873489548e-03       2.211022350075e+00 
       3.598759366763e-03       2.272076054844e+00 
       3.714192786088e-03       2.332582442323e+00 
       3.830131531369e-03       2.392502290822e+00 
       3.946537306183e-03       2.451793980397e+00 
       4.063375338686e-03       2.510432894363e+00 
       4.180614025754e-03       2.568383153711e+00 
       4.298224613405e-03       2.625624038825e+00 
       4.416180910359e-03       2.682130327028e+00 
       4.534459031676e-03       2.737879755893e+00 
       4.653037169509e-03       2.792857072473e+00 
       4.771895388214e-03       2.847045639585e+00 
       4.891015441268e-03       2.900431747654e+00 
       5.010380607654e-03       2.953003073101e+00 
       5.129975545600e-03       3.004749535704e+00 
       5.249786161774e-03       3.055664574027e+00 
       5.369799494223e-03       3.105740564336e+00 
       5.490003607537e-03       3.154972875048e+00 
       5.610387498875e-03       3.203355904659e+00 
       5.730941013670e-03       3.250890766304e+00 
       5.851654769906e-03       3.297575885699e+00 
       5.972520090068e-03       3.343408983782e+00 
       6.093528939880e-03       3.388392552799e+00 
       6.214673873133e-03       3.432528293799e+00 
       6.335947981903e-03       3.475821167326e+00 
       6.457344851613e-03       3.518271964861e+00 
       6.578858520406e-03       3.559885190379e+00 
       6.700483442374e-03       3.600665466787e+00 
       6.822214454238e-03       3.640621398607e+00 
       6.944046745134e-03       3.679755043684e+00 
       7.065975829162e-03       3.718078028544e+00 
       7.187997520434e-03       3.755598082402e+00 
       7.310107910369e-03       3.792318729226e+00 
       7.432303346994e-03       3.828244745913e+00 
       7.554580416073e-03       3.863390874759e+00 
       7.676935923868e-03       3.897767207437e+00 
       7.799366881390e-03       3.931375599338e+00 
       7.921870489981e-03       3.964222673572e+00 
       8.044444128110e-03       3.996330227120e+00 
       8.167085339271e-03       4.027695819555e+00 
       8.289791820870e-03       4.058333681699e+00 
       8.412561414027e-03       4.088255881717e+00 
       8.535392094189e-03       4.117461233239e+00 
       8.658281962499e-03       4.145967910722e+00 
       8.781229237845e-03       4.173781673202e+00 
       8.904232249532e-03       4.200913796856e+00 
       9.027289430517e-03       4.227371447642e+00 
       9.150399311170e-03       4.253162058115e+00 
       9.273560513504e-03       4.278302442369e+00 
       9.396771745844e-03       4.302791610317e+00 
       9.520031797891e-03       4.326638062879e+00 
       9.643339536152e-03       4.349864714092e+00 
       9.766693899711e-03       4.372460995739e+00 
       9.890093896300e-03       4.394446133568e+00 
       1.001353859866e-02       4.415828376415e+00 
       1.013702714118e-02       4.436617036588e+00 
       1.026055871672e-02       4.456810099342e+00 
       1.038413257374e-02       4.476423470685e+00 
       1.050774801356e-02       4.495465647625e+00 
       1.063140438788e-02       4.513936804519e+00 
       1.075510109639e-02       4.531853519668e+00 
       1.087883758462e-02       4.549219265025e+00 
       1.100261334193e-02       4.566037644917e+00 
       1.112642789957e-02       4.582321364191e+00 
       1.125028082899e-02       4.598070702096e+00 
       1.137417174014e-02       4.613302587497e+00 
       1.149810028000e-02       4.628008050971e+00 
       1.162206613114e-02       4.642209240651e+00 
       1.174606901039e-02       4.655899715236e+00 
       1.187010866765e-02       4.669097731009e+00 
       1.199418488471e-02       4.681801306825e+00 
       1.211829747421e-02       4.694015243533e+00 
       1.224244627863e-02       4.705752092699e+00 
       1.236663116941e-02       4.717012653990e+00 
       1.249085204607e-02       4.727811920432e+00 
       1.261510883545e-02       4.738139952861e+00 
       1.273940149094e-02       4.748017570832e+00 
       1.286372999182e-02       4.757441322773e+00 
       1.298809434267e-02       4.766417050623e+00 
       1.311249457272e-02       4.774953443165e+00 
       1.323693073542e-02       4.783054066615e+00 
       1.336140290784e-02       4.790722811110e+00 
       1.348591119034e-02       4.797973466071e+00 
       1.361045570605e-02       4.804801317055e+00 
       1.373503660061e-02       4.811213197141e+00 
       1.385965404174e-02       4.817218598689e+00 
       1.398430821901e-02       4.822820016217e+00 
       1.410899934352e-02       4.828020609370e+00 
       1.423372764771e-02       4.832832110082e+00 
       1.435849338511e-02       4.837253602192e+00 
       1.448329683018e-02       4.841292906695e+00 
       1.460813827812e-02       4.844953200944e+00 
       1.473301804481e-02       4.848239700710e+00 
       1.485793646664e-02       4.851160141556e+00 
       1.498289390044e-02       4.853712951661e+00 
       1.510789072347e-02       4.855909774454e+00 
       1.523292733332e-02       4.857753880525e+00 
       1.535800414793e-02       4.859245510984e+00 
       1.548312160558e-02       4.860394740699e+00 
       1.560828016494e-02       4.861207124973e+00 
       1.573348030509e-02       4.861677543423e+00 
       1.585872252561e-02       4.861831350900e+00 
       1.598400734663e-02       4.861658643178e+00 
       1.610933530897e-02       4.861150866242e+00 
       1.623470697422e-02       4.860333410379e+00 
       1.636012292492e-02       4.859213102420e+00 
       1.648558376469e-02       4.857775607241e+00 
       1.661109011841e-02       4.856037637874e+00 
       1.673664263240e-02       4.854004589512e+00 
       1.686224197463e-02       4.851675912663e+00 
       1.698788883495e-02       4.849054801176e+00 
       1.711358392534e-02       4.846158183934e+00 
       1.723932798012e-02       4.842966368825e+00 
       1.736512175629e-02       4.839521403825e+00 
       1.749096603375e-02       4.835791197361e+00 
       1.761686161566e-02       4.831793160836e+00 
       1.774280932873e-02       4.827525144542e+00 
       1.786881002356e-02       4.823006384735e+00 
       1.799486457501e-02       4.818232432160e+00 
       1.812097388257e-02       4.813204765499e+00 
       1.824713887072e-02       4.807928148452e+00 
       1.837336048938e-02       4.802414261487e+00 
       1.849963971429e-02       4.796656939728e+00 
       1.862597754748e-02       4.790663233660e+00 
       1.875237501771e-02       4.784440138192e+00 
       1.887883318094e-02       4.777992966367e+00 
       1.900535312085e-02       4.771316596996e+00 
       1.913193594933e-02       4.764426138504e+00 
       1.925858280700e-02       4.757310232844e+00 
       1.938529486380e-02       4.749986107196e+00 
       1.951207331950e-02       4.742448322343e+00 
       1.963891940434e-02       4.734710772334e+00 
       1.976583437961e-02       4.726768672760e+00 
       1.989281953829e-02       4.718632452419e+00 
       2.001987620571e-02       4.710299054611e+00 
       2.014700574018e-02       4.701778949094e+00 
       2.027420953374e-02       4.693055103014e+00 
       2.040148901283e-02       4.684170909685e+00 
       2.052884563906e-02       4.675086230484e+00 
       2.065628090997e-02       4.665836480530e+00 
       2.078379635978e-02       4.656399339853e+00 
       2.091139356027e-02       4.646808507179e+00 
       2.103907412157e-02       4.637037392185e+00 
       2.116683969302e-02       4.627109759371e+00 
       2.129469196411e-02       4.617020149546e+00 
       2.142263266535e-02       4.606771853407e+00 
       2.155066356926e-02       4.596369377481e+00 
       2.167878649131e-02       4.585811101174e+00 
       2.180700329099e-02       4.575098661105e+00 
       2.193531587278e-02       4.564249386551e+00 
       2.206372618728e-02       4.553261355679e+00 
       2.219223623229e-02       4.542123910351e+00 
       2.232084805397e-02       4.530864894881e+00 
       2.244956374803e-02       4.519457689189e+00 
       2.257838546090e-02       4.507926438438e+00 
       2.270731539105e-02       4.496268096552e+00 
       2.283635579024e-02       4.484481239792e+00 
       2.296550896486e-02       4.472575878544e+00 
       2.309477727734e-02       4.460555640517e+00 
       2.322416314755e-02       4.448410988912e+00 
       2.335366905427e-02       4.436159962345e+00 
       2.348329753672e-02       4.423797257655e+00 
       2.361305119611e-02       4.411327697950e+00 
       2.374293269725e-02       4.398750820352e+00 
       2.387294477028e-02       4.386072360608e+00 
       2.400309021230e-02       4.373293979780e+00 
       2.413337188923e-02       4.360415288671e+00 
       2.426379273761e-02       4.347446266512e+00 
       2.439435576651e-02       4.334384795008e+00 
       2.452506405949e-02       4.321232153848e+00 
       2.465592077667e-02       4.307992929018e+00 
       2.478692915676e-02       4.294669560979e+00 
       2.491809251927e-02       4.281262202500e+00 
       2.504941426679e-02       4.267775652013e+00 
       2.518089788722e-02       4.254213134897e+00 
       2.531254695627e-02       4.240581113070e+00 
       2.544436513988e-02       4.226863321535e+00 
       2.557635619681e-02       4.213082498562e+00 
       2.570852398133e-02       4.199229957195e+00 
       2.584087244594e-02       4.185313124119e+00 
       2.597340564424e-02       4.171334865055e+00 
       2.610612773389e-02       4.157293222234e+00 
       2.623904297966e-02       4.143189832712e+00 
       2.637215575665e-02       4.129031244761e+00 
       2.650547055353e-02       4.114817064383e+00 
       2.663899197597e-02       4.100547553560e+00 
       2.677272475021e-02       4.086229384464e+00 
       2.690667372668e-02       4.071861605193e+00 
       2.704084388387e-02       4.057441907507e+00 
       2.717524033223e-02       4.042980118633e+00 
       2.730986831833e-02       4.028473348088e+00 
       2.744473322907e-02       4.013925403481e+00 
       2.757984059617e-02       3.999337122401e+00 
       2.771519610072e-02       3.984709381594e+00 
       2.785080557800e-02       3.970045652708e+00 
       2.798667502244e-02       3.955347407015e+00 
       2.812281059279e-02       3.940615888698e+00 
       2.825921861753e-02       3.925852626036e+00 
       2.839590560043e-02       3.911059180757e+00 
       2.853287822642e-02       3.896237613646e+00 
       2.867014336763e-02       3.881388984020e+00 
       2.880770808975e-02       3.866515862885e+00 
       2.894557965859e-02       3.851618262739e+00 
       2.908376554696e-02       3.836698582131e+00 
       2.922227344183e-02       3.821759109296e+00 
       2.936111125182e-02       3.806798324352e+00 
       2.950028711498e-02       3.791820791482e+00 
       2.963980940692e-02       3.776826936532e+00 
       2.977968674934e-02       3.761816982967e+00 
       2.991992801888e-02       3.746793750172e+00 
       3.006054235642e-02       3.731758002579e+00 
       3.020153917674e-02       3.716709296370e+00 
       3.034292817872e-02       3.701652224793e+00 
       3.048471935591e-02       3.686585359750e+00 
       3.062692300766e-02       3.671511701663e+00 
       3.076954975073e-02       3.656428636518e+00 
       3.091261053153e-02       3.641342662373e+00 
       3.105611663883e-02       3.626249760286e+00 
       3.120007971717e-02       3.611154375463e+00 
       3.134451178094e-02       3.596056384781e+00 
       3.148942522908e-02       3.580956401071e+00 
       3.163483286058e-02       3.565855028294e+00 
       3.178074789075e-02       3.550754826353e+00 
       3.192718396829e-02       3.535655139150e+00 
       3.207415519325e-02       3.520558888852e+00 
       3.222167613596e-02       3.505463843449e+00 
       3.236976185693e-02       3.490371716277e+00 
       3.251842792776e-02       3.475285550069e+00 
       3.266769045326e-02       3.460204126942e+00 
       3.281756609471e-02       3.445127806520e+00 
       3.296807209441e-02       3.430057807070e+00 
       3.311922630162e-02       3.414995731632e+00 
       3.327104719986e-02       3.399938848733e+00 
       3.342355393590e-02       3.384892250751e+00 
       3.357676635028e-02       3.369853649345e+00 
       3.373070500968e-02       3.354821936180e+00 
       3.388539124115e-02       3.339801864652e+00 
       3.404084716838e-02       3.324790192693e+00 
       3.419709575014e-02       3.309790889288e+00 
       3.435416082110e-02       3.294801055594e+00 
       3.451206713503e-02       3.279823320547e+00 
       3.467084041087e-02       3.264856456775e+00 
       3.483050738153e-02       3.249899078469e+00 
       3.499109584590e-02       3.234954038833e+00 
       3.515263472420e-02       3.220022972654e+00 
       3.531515411689e-02       3.205102206365e+00 
       3.547868536756e-02       3.190194243916e+00 
       3.564326112997e-02       3.175296556143e+00 
       3.580891543966e-02       3.160412021335e+00 
       3.597568379052e-02       3.145540807194e+00 
       3.614360321665e-02       3.130680454196e+00 
       3.631271238005e-02       3.115830699917e+00 
       3.648305166451e-02       3.100994508010e+00 
       3.665466327647e-02       3.086168382267e+00 
       3.682759135313e-02       3.071356292052e+00 
       3.700188207881e-02       3.056551408670e+00 
       3.717758380999e-02       3.041758163256e+00 
       3.735474721006e-02       3.026974532716e+00 
       3.753342539455e-02       3.012203012310e+00 
       3.771367408789e-02       2.997437535441e+00 
       3.789555179276e-02       2.982681099450e+00 
       3.807911997330e-02       2.967934345497e+00 
       3.826444325354e-02       2.953193581079e+00 
       3.845158963247e-02       2.938459907017e+00 
       3.864063071773e-02       2.923729410854e+00 
       3.883164197941e-02       2.909007273705e+00 
       3.902470302655e-02       2.894286125426e+00 
       3.921989790844e-02       2.879569581360e+00 
       3.941731544346e-02       2.864852947355e+00 
       3.961704957874e-02       2.850136950506e+00 
       3.981919978381e-02       2.835420673330e+00 
       4.002387148228e-02       2.820701942493e+00 
       4.023117652610e-02       2.805980439644e+00 
       4.044123371716e-02       2.791253402066e+00 
       4.065416938230e-02       2.776517969317e+00 
       4.087011800810e-02       2.761775971485e+00 
       4.108922294299e-02       2.747022717705e+00 
       4.131163717545e-02       2.732257131374e+00 
       4.153752419801e-02       2.717474640605e+00 
       4.176705896879e-02       2.702678701545e+00 
       4.200042898355e-02       2.687859982836e+00 
       4.223783547389e-02       2.673018514736e+00 
       4.247949474925e-02       2.658156904873e+00 
       4.272563970381e-02       2.643260569316e+00 
       4.297652151252e-02       2.628335919093e+00 
       4.323241154501e-02       2.613375722475e+00 
       4.349360353122e-02       2.598378408917e+00 
       4.376041601845e-02       2.583336289249e+00 
       4.403319516735e-02       2.568247108474e+00 
       4.431231794305e-02       2.553106226890e+00 
       4.459819576870e-02       2.537907883197e+00 
       4.489127872208e-02       2.522650874577e+00 
       4.519206037240e-02       2.507321130014e+00 
       4.550108337449e-02       2.491913334785e+00 
       4.581894596305e-02       2.476428024615e+00 
       4.614630952020e-02       2.460850139248e+00 
       4.648390742907e-02       2.445168665583e+00 
       4.683255547441e-02       2.429380667991e+00 
       4.719316411280e-02       2.413476826220e+00 
       4.756675301229e-02       2.397445350938e+00 
       4.795446835950e-02       2.381271490663e+00 
       4.835760355679e-02       2.364954407311e+00 
       4.877762409092e-02       2.348432969574e+00 
       4.921619755703e-02       2.331701625654e+00 
       4.967523007970e-02       2.314753460513e+00 
       5.015691069999e-02       2.297547615475e+00 
       5.066376571099e-02       2.280063925094e+00 
       5.119872543759e-02       2.262254491538e+00 
       5.176520658204e-02       2.244079666260e+00 
       5.236721398511e-02       2.225482871894e+00 
       5.300946643626e-02       2.206389480228e+00 
       5.369755186298e-02       2.186716302361e+00 
       5.443811750858e-02       2.166351277713e+00 
       5.523909986108e-02       2.145151049499e+00 
       5.610999569786e-02       2.122930733581e+00 
       5.706216693470e-02       2.099441341261e+00 
       5.810915311482e-02       2.074351144914e+00 
       5.926692833934e-02       2.047213292779e+00 
       6.055397336706e-02       2.017427481130e+00 
       6.199093018729e-02       1.984179731752e+00 
       6.359947940448e-02       1.946427161992e+00 
       6.540001142378e-02       1.902869423981e+00 
       6.740785583239e-02       1.852047387116e+00 
       6.962856953198e-02       1.792606428985e+00 
       7.205402575154e-02       1.723703708737e+00 
       7.466181557294e-02       1.645517713937e+00 
       7.741925944084e-02       1.559560878185e+00 
       8.029037150168e-02       1.468600974238e+00 
       8.324228134396e-02       1.376195472572e+00 
       8.624873566558e-02       1.286058216508e+00 
       8.929066761749e-02       1.201487730415e+00 
       9.235510010565e-02       1.124988834368e+00 
       9.543357073890e-02       1.058106937535e+00 
       9.852071037994e-02       1.001428228498e+00 
       1.016131705477e-01       9.546862996192e-01 
       1.047088850041e-01       9.169273246096e-01 
       1.078065869454e-01       8.866896972465e-01 
       1.109055026726e-01       8.621872923203e-01 
       1.140051606747e-01       8.414877892143e-01 
       1.171052739085e-01       8.226809626534e-01 
       1.202056676777e-01       8.040453818923e-01 
       1.233062356186e-01       7.841908279491e-01 
       1.264069129017e-01       7.621654941297e-01 
       1.295076599371e-01       7.375167115430e-01 
       1.326084524750e-01       7.102778208950e-01 
       1.357092755935e-01       6.809216024621e-01 
       1.388101200478e-01       6.502212418030e-01 
       1.419109800535e-01       6.191366780756e-01 
       1.450118519396e-01       5.886676930935e-01 
       1.481127333302e-01       5.597323448837e-01 
       1.512136226471e-01       5.330782131041e-01 
       1.543145188064e-01       5.092262127200e-01 
       1.574154210335e-01       4.884443621615e-01 
       1.605163287508e-01       4.707540525149e-01 
       1.636172415074e-01       4.559614508602e-01 
       1.667181589372e-01       4.436927208046e-01 
       1.698190807317e-01       4.334484387884e-01 
       1.729200066233e-01       4.246548102181e-01 
       1.760209363751e-01       4.167318265990e-01 
       1.791218697736e-01       4.091914356605e-01 
       1.822228066242e-01       4.014469381059e-01 
       1.853237467480e-01       3.931100546923e-01 
       1.884246899796e-01       3.839363992566e-01 
       1.915256361651e-01       3.738403800152e-01 
       1.946265851615e-01       3.628927916089e-01 
       1.977275368348e-01       3.512905070517e-01 
       2.008284910597e-01       3.393143862261e-01 
       2.039294477188e-01       3.272791463943e-01 
       2.070304067018e-01       3.154988059972e-01 
       2.101313679048e-01       3.042452098803e-01 
       2.132323312304e-01       2.937343777833e-01 
       2.163332965866e-01       2.841192658801e-01 
       2.194342638867e-01       2.754837805386e-01 
       2.225352330487e-01       2.678465729253e-01 
       2.256362039955e-01       2.611555526997e-01 
       2.287371766540e-01       2.553096815748e-01 
       2.318381509550e-01       2.501554727229e-01 
       2.349391268330e-01       2.455096154698e-01 
       2.380401042261e-01       2.411804592252e-01 
       2.411410830753e-01       2.369849642871e-01 
       2.442420633250e-01       2.327694975991e-01 
       2.473430449220e-01       2.284146686352e-01 
       2.504440278160e-01       2.238467201021e-01 
       2.535450119592e-01       2.190345764653e-01 
       2.566459973060e-01       2.139856278613e-01 
       2.597469838130e-01       2.087414928605e-01 
       2.628479714390e-01       2.033750868090e-01 
       2.659489601445e-01       1.979754765542e-01 
       2.690499498921e-01       1.926433746470e-01 
       2.721509406458e-01       1.874764484093e-01 
       2.752519323715e-01       1.825588292820e-01 
       2.783529250366e-01       1.779519876535e-01 
       2.814539186098e-01       1.736897442986e-01 
       2.845549130613e-01       1.697798964730e-01 
       2.876559083625e-01       1.662054618134e-01 
       2.907569044861e-01       1.629326613681e-01 
       2.938579014059e-01       1.599149406943e-01 
       2.969588990968e-01       1.570987216248e-01 
       3.000598975348e-01       1.544274431942e-01 
       3.031608966969e-01       1.518448049131e-01 
       3.062618965610e-01       1.492986320409e-01 
       3.093628971058e-01       1.467450959434e-01 
       3.124638983110e-01       1.441530923355e-01 
       3.155649001570e-01       1.415062173246e-01 
       3.186659026250e-01       1.388035908612e-01 
       3.217669056970e-01       1.360574306189e-01 
       3.248679093555e-01       1.332898658719e-01 
       3.279689135839e-01       1.305280743289e-01 
       3.310699183660e-01       1.277996928645e-01 
       3.341709236865e-01       1.251318169536e-01 
       3.372719295303e-01       1.225483618171e-01 
       3.403729358831e-01       1.200691885525e-01 
       3.434739427310e-01       1.177091123864e-01 
       3.465749500607e-01       1.154754837840e-01 
       3.496759578594e-01       1.133700262374e-01 
       3.527769661145e-01       1.113856078245e-01 
       3.558779748142e-01       1.095082812445e-01 
       3.589789839468e-01       1.077198827112e-01 
       3.620799935012e-01       1.060004020805e-01 
       3.651810034666e-01       1.043301481158e-01 
       3.682820138325e-01       1.026922960204e-01 
       3.713830245890e-01       1.010746467169e-01 
       3.744840357261e-01       9.946742313908e-02 
       3.775850472346e-01       9.786473526852e-02 
       3.806860591053e-01       9.626325631086e-02 
       3.837870713295e-01       9.466306535434e-02 
       3.868880838984e-01       9.306726983268e-02 
       3.899890968040e-01       9.148192268057e-02 
       3.930901100382e-01       8.991516716230e-02 
       3.961911235933e-01       8.837607893994e-02 
       3.992921374617e-01       8.687304486864e-02 
       4.023931516362e-01       8.541254088639e-02 
       4.054941661098e-01       8.399860832110e-02 
       4.085951808755e-01       8.263281220615e-02 
       4.116961959268e-01       8.131510571220e-02 
       4.147972112573e-01       8.004438446955e-02 
       4.178982268607e-01       7.881843191632e-02 
       4.209992427309e-01       7.763440957271e-02 
       4.241002588622e-01       7.648834485709e-02 
       4.272012752487e-01       7.537518364547e-02 
       4.303022918849e-01       7.428902246233e-02 
       4.334033087655e-01       7.322397825410e-02 
       4.365043258852e-01       7.217512607820e-02 
       4.396053432390e-01       7.113875362610e-02 
       4.427063608219e-01       7.011269060998e-02 
       4.458073786292e-01       6.909681787872e-02 
       4.489083966561e-01       6.809133325484e-02 
       4.520094148981e-01       6.709678792232e-02 
       4.551104333508e-01       6.611549795999e-02 
       4.582114520099e-01       6.514746399264e-02 
       4.613124708713e-01       6.419571407632e-02 
       4.644134899308e-01       6.326128352897e-02 
       4.675145091846e-01       6.234703725406e-02 
       4.706155286287e-01       6.145553763629e-02 
       4.737165482595e-01       6.058877547067e-02 
       4.768175680732e-01       5.974564849800e-02 
       4.799185880663e-01       5.892606628530e-02 
       4.830196082354e-01       5.812796285633e-02 
       4.861206285770e-01       5.734937846465e-02 
       4.892216490879e-01       5.658825856596e-02 
       4.923226697648e-01       5.584311838784e-02 
       4.954236906047e-01       5.511256560098e-02 
       4.985247116044e-01       5.439453877459e-02 
       5.016257327611e-01       5.368830171607e-02 
       5.047267540718e-01       5.299223475915e-02 
       5.078277755336e-01       5.230469528303e-02 
       5.109287971439e-01       5.162599198431e-02 
       5.140298188999e-01       5.095567796491e-02 
       5.171308407990e-01       5.029399647405e-02 
       5.202318628386e-01       4.964273195538e-02 
       5.233328850162e-01       4.900300363267e-02 
       5.264339073294e-01       4.837441056923e-02 
       5.295349297758e-01       4.775745748735e-02 
       5.326359523530e-01       4.715243345423e-02 
       5.357369750589e-01       4.655900486092e-02 
       5.388379978910e-01       4.597664173802e-02 
       5.419390208474e-01       4.540641539742e-02 
       5.450400439257e-01       4.484767078827e-02 
       5.481410671241e-01       4.430050634001e-02 
       5.512420904404e-01       4.376438293970e-02 
       5.543431138726e-01       4.323828501271e-02 
       5.574441374189e-01       4.272122070523e-02 
       5.605451610773e-01       4.221253034282e-02 
       5.636461848459e-01       4.171172816173e-02 
       5.667472087230e-01       4.121837289614e-02 
       5.698482327068e-01       4.073300702460e-02 
       5.729492567955e-01       4.025506491116e-02 
       5.760502809874e-01       3.978419096932e-02 
       5.791513052809e-01       3.932012618763e-02 
       5.822523296744e-01       3.886260982003e-02 
       5.853533541662e-01       3.841181179294e-02 
       5.884543787547e-01       3.796695723194e-02 
       5.915554034386e-01       3.752923470016e-02 
       5.946564282162e-01       3.709897710554e-02 
       5.977574530862e-01       3.667601398366e-02 
       6.008584780470e-01       3.626049571261e-02 
       6.039595030973e-01       3.585206452536e-02 
       6.070605282357e-01       3.545021899572e-02 
       6.101615534608e-01       3.505506445068e-02 
       6.132625787714e-01       3.466625347134e-02 
       6.163636041661e-01       3.428361657547e-02 
       6.194646296437e-01       3.390740430810e-02 
       6.225656552030e-01       3.353766849125e-02 
       6.256666808426e-01       3.317334743914e-02 
       6.287677065615e-01       3.281482041138e-02 
       6.318687323584e-01       3.246119297713e-02 
       6.349697582322e-01       3.211236574737e-02 
       6.380707841818e-01       3.176816695049e-02 
       6.411718102061e-01       3.142877418299e-02 
       6.442728363040e-01       3.109472548471e-02 
       6.473738624744e-01       3.076546393086e-02 
       6.504748887164e-01       3.044129009484e-02 
       6.535759150288e-01       3.012156010800e-02 
       6.566769414107e-01       2.980603550958e-02 
       6.597779678610e-01       2.949509120754e-02 
       6.628789943790e-01       2.918861530267e-02 
       6.659800209635e-01       2.888689269099e-02 
       6.690810476136e-01       2.858938985996e-02 
       6.721820743285e-01       2.829685662296e-02 
       6.752831011073e-01       2.800829906617e-02 
       6.783841279491e-01       2.772484469207e-02 
       6.814851548529e-01       2.744485550242e-02 
       6.845861818180e-01       2.716855784796e-02 
       6.876872088436e-01       2.689607985390e-02 
       6.907882359288e-01       2.662711031989e-02 
       6.938892630728e-01       2.636282798777e-02 
       6.969902902749e-01       2.610166450766e-02 
       7.000913175342e-01       2.584417324591e-02 
       7.031923448500e-01       2.559031870754e-02 
       7.062933722216e-01       2.533973822205e-02 
       7.093943996482e-01       2.509231836027e-02 
       7.124954271291e-01       2.484821003229e-02 
       7.155964546636e-01       2.460712154504e-02 
       7.186974822509e-01       2.436946537784e-02 
       7.217985098906e-01       2.413529994687e-02 
       7.248995375817e-01       2.390438257695e-02 
       7.280005653238e-01       2.367653798911e-02 
       7.464455758151e-01       2.238076893787e-02 
       7.651667369126e-01       2.116549256981e-02 
       7.841776806813e-01       2.002348953673e-02 
       8.034934156659e-01       1.894907505465e-02 
       8.231301147915e-01       1.793749900280e-02 
       8.431049008713e-01       1.698382114357e-02 
       8.634356368620e-01       1.608463339216e-02 
       8.841407268964e-01       1.523556729776e-02 
       9.052389329755e-01       1.443368447276e-02 
       9.267492110784e-01       1.367501666653e-02 
       9.486905693738e-01       1.295741601926e-02 
       9.710819502047e-01       1.227786573772e-02 
       9.939421365888e-01       1.163411140983e-02 
       1.017289683121e+00       1.102433808779e-02 
       1.041142870404e+00       1.044615160895e-02 
       1.065519681468e+00       9.898056547750e-03 
       1.090437798090e+00       9.378391518588e-03 
       1.115914614496e+00       8.885396014259e-03 
       1.141967265644e+00       8.417626514011e-03 
       1.168612667124e+00       7.973979055217e-03 
       1.195867563719e+00       7.553504652337e-03 
       1.223748583763e+00       7.153967493117e-03 
       1.252272296696e+00       6.775076504349e-03 
       1.281455271503e+00       6.415727631181e-03 
       1.311314134122e+00       6.074879755752e-03 
       1.341865622330e+00       5.751621961858e-03 
       1.373126636993e+00       5.445017732131e-03 
       1.405114289018e+00       5.154200702132e-03 
       1.437845941636e+00       4.878625895171e-03 
       1.471339247998e+00       4.617216200976e-03 
       1.505612184263e+00       4.369461059713e-03 
       1.540683078543e+00       4.134570425120e-03 
       1.576570636173e+00       3.911831787360e-03 
       1.613293961846e+00       3.701008808047e-03 
       1.650872579130e+00       3.500938098532e-03 
       1.689326447901e+00       3.311531565943e-03 
       1.728675980162e+00       3.132020983901e-03 
       1.768942054649e+00       2.961951153025e-03 
       1.810146030594e+00       2.800912062638e-03 
       1.852309760920e+00       2.648358201172e-03 
       1.895455605103e+00       2.503841550000e-03 
       1.939606441877e+00       2.367055712237e-03 
       1.984785681927e+00       2.237512963600e-03 
       2.031017280652e+00       2.114892903534e-03 
       2.078325751098e+00       1.998819287254e-03 
       2.126736177086e+00       1.888957165226e-03 
       2.176274226598e+00       1.784929280940e-03 
       2.226966165435e+00       1.686368932982e-03 
       2.278838871174e+00       1.593330020157e-03 
       2.331919847426e+00       1.505229009474e-03 
       2.386237238440e+00       1.421801846254e-03 
       2.441819844019e+00       1.342864934329e-03 
       2.498697134798e+00       1.268292147415e-03 
       2.556899267871e+00       1.197617119978e-03 
       2.616457102781e+00       1.130881347355e-03 
       2.677402217879e+00       1.067714409519e-03 
       2.739766927073e+00       1.007979038899e-03 
       2.803584296956e+00       9.515378712258e-04 
       2.868888164343e+00       8.981164728243e-04 
       2.935713154210e+00       8.476581348865e-04 
       3.004094698049e+00       7.999257997810e-04 
       3.074069052662e+00       7.548238603795e-04 
       3.145673319376e+00       7.121532051721e-04 
       3.218945463722e+00       6.718480616217e-04 
       3.293924335560e+00       6.337440182587e-04 
       3.370649689682e+00       5.977058137034e-04 
       3.449162206885e+00       5.637260757425e-04 
       3.529503515545e+00       5.315851752700e-04 
       3.611716213687e+00       5.012094762157e-04 
       3.695843891573e+00       4.725047098721e-04 
       3.781931154810e+00       4.453999288845e-04 
       3.870023648006e+00       4.197897002168e-04 
       3.960168078965e+00       3.955879272349e-04 
       4.052412243459e+00       3.727437250560e-04 
       4.146805050564e+00       3.511648694343e-04 
       4.243396548597e+00       3.307711171688e-04 
       4.342237951647e+00       3.115440379639e-04 
       4.443381666736e+00       2.933376144484e-04 
       4.546881321600e+00       2.761794768502e-04 
       4.652791793126e+00       2.599629915478e-04 
       4.761169236447e+00       2.446497683821e-04 
       4.872071114719e+00       2.302057285596e-04 
       4.985556229585e+00       2.165810725450e-04 
       5.101684752356e+00       2.036988061271e-04 
       5.220518255912e+00       1.915431723745e-04 
       5.342119747348e+00       1.800535582691e-04 
       5.466553701386e+00       1.692218165069e-04 
       5.593886094555e+00       1.590050344054e-04 
       5.724184440175e+00       1.493629991776e-04 
       5.857517824153e+00       1.402513913563e-04 
       5.993956941616e+00       1.316453283056e-04 
       6.133574134388e+00       1.235432418034e-04 
       6.276443429353e+00       1.158968855242e-04 
       6.422640577704e+00       1.086694247200e-04 
       6.572243095103e+00       1.018659025333e-04 
       6.725330302784e+00       9.543083734475e-05 
       6.881983369612e+00       8.937102416010e-05 
       7.042285355117e+00       8.364775420996e-05 
       7.206321253533e+00       7.826070247506e-05 
       7.374178038864e+00       7.316905226216e-05 
       7.545944711000e+00       6.837924622954e-05 
       7.721712342904e+00       6.385527469220e-05 
       7.901574128902e+00       5.959082187830e-05 
       8.085625434092e+00       5.556860621126e-05 
       8.273963844913e+00       5.178977804448e-05 
       8.466689220884e+00       4.821827333365e-05 
       8.663903747550e+00       4.486234149242e-05 
       8.865711990663e+00       4.169547611732e-05 
       9.072220951624e+00       3.871506513957e-05 
       9.283540124220e+00       3.591139917219e-05 
       9.499781552672e+00       3.327391191124e-05 
       9.721059891047e+00       3.078988878286e-05 
       9.947492464050e+00       2.845155766340e-05 
       1.017919932923e+01       2.625504924827e-05 
       1.041630334063e+01       2.419077518991e-05 
       1.065893021393e+01       2.226224427629e-05 
       1.090720859313e+01       2.044839046989e-05 
       1.116127011869e+01       1.874555444438e-05 
       1.142124949741e+01       1.715125093963e-05 
       1.168728457379e+01       1.565988103307e-05 
       1.195951640315e+01       1.426416074109e-05 
       1.223808932641e+01       1.296144012190e-05 
       1.252315104662e+01       1.174356285177e-05 
       1.281485270728e+01       1.061221057701e-05 
       1.311334897247e+01       9.557004071853e-06 
       1.341879810886e+01       8.578035658758e-06 
       1.373136206963e+01       7.667839115868e-06 
       1.405120658032e+01       6.829021478397e-06 
       1.437850122673e+01       6.051911550523e-06 
       1.471341954482e+01       5.338665391715e-06 
       1.505613911270e+01       4.683548683837e-06 
       1.540684164483e+01       4.081389565425e-06 
       1.576571308833e+01       3.537314320507e-06 
       1.613294372160e+01       3.040327865824e-06 
       1.650872825517e+01       2.590767997570e-06 
       1.689326593498e+01       2.187258788570e-06 
       1.728676064800e+01       1.825485556502e-06 
       1.768942103034e+01       1.504208462085e-06 
       1.810146057785e+01       1.220804512691e-06 
       1.852309775936e+01       9.742382801352e-07 
       1.895455613248e+01       7.608334127794e-07 
       1.939606446216e+01       5.785103435976e-07 
       1.984785684196e+01       4.255857211115e-07 
       2.031017281816e+01       3.005894608920e-07 
       2.078325751684e+01       1.993606606020e-07 
       2.126736177375e+01       1.216704843488e-07 
       2.176274226738e+01       6.505550349666e-08 
       2.226966165502e+01       2.723722066139e-08 
       2.278838871204e+01       6.196252172557e-09 
       2.331919847440e+01       9.998863404647e-12 
       2.386237238446e+01       6.698057810145e-09 
       2.441819844021e+01       2.412141050658e-08 
       2.498697134799e+01       5.073062503404e-08 
       2.556899267872e+01       8.403353237102e-08 
       2.616457102781e+01       1.239580177434e-07 
       2.677402217879e+01       1.676484789414e-07 
       2.739766927073e+01       2.118116864704e-07 
       2.803584296956e+01       2.570651978104e-07 
       2.868888164343e+01       3.018844970356e-07 
       2.935713154210e+01       3.443731835082e-07 
       3.004094698049e+01       3.845256239131e-07 
       3.074069052662e+01       4.182436450891e-07 
       3.145673319376e+01       4.488092830093e-07 
       3.218945463722e+01       4.755960583322e-07 
       3.293924335560e+01       4.898142893153e-07 
       3.370649689682e+01       4.982449267258e-07 
       3.449162206885e+01       5.043073018923e-07 
       3.529503515545e+01       5.019374540063e-07 
       3.611716213687e+01       4.931725410870e-07 
       3.695843891573e+01       4.780042835813e-07 
       3.781931154810e+01       4.575088059730e-07 
       3.870023648006e+01       4.308500043728e-07 
       3.960168078965e+01       4.007318870227e-07 
       4.052412243459e+01       3.676197841585e-07 
       4.146805050564e+01       3.322870596539e-07 
       4.243396548597e+01       2.940703055259e-07 
       4.342237951647e+01       2.559158688396e-07 
       4.443381666736e+01       2.182948890114e-07 
       4.546881321600e+01       1.821109408044e-07 
       4.652791793126e+01       1.478878613814e-07 
       4.761169236447e+01       1.159548634629e-07 
       4.872071114719e+01       8.640273244586e-08 
       4.985556229585e+01       6.262011700333e-08 
       5.101684752356e+01       4.240050274308e-08 
       5.220518255912e+01       2.708245561509e-08 
       5.342119747348e+01       1.470666328678e-08 
       5.466553701386e+01       6.522312525386e-09 
       5.593886094555e+01       1.775133136871e-09 
       5.724184440175e+01       1.882945327047e-11 
       5.857517824153e+01       9.406069850180e-10 
       5.993956941616e+01       2.234304426274e-09 
       6.133574134388e+01       5.930704588032e-09 
       6.276443429353e+01       1.071960514952e-08 
       6.422640577704e+01       1.599347693446e-08 
       6.572243095103e+01       2.077924229141e-08 
       6.725330302784e+01       2.398125590610e-08 
       6.881983369612e+01       3.039272497090e-08 
       7.042285355117e+01       3.082878993557e-08 
       7.206321253533e+01       2.734879912290e-08 
       7.374178038864e+01       2.969235817790e-08 
       7.545944711000e+01       2.802572321143e-08 
       7.721712342904e+01       2.525450220306e-08 
       7.901574128902e+01       2.166881547155e-08 
       8.085625434092e+01       1.802016355999e-08 
       8.273963844913e+01       1.403896474865e-08 
       8.466689220884e+01       1.030931039246e-08 
       8.663903747550e+01       7.018317267022e-09 
       8.865711990663e+01       4.230994195845e-09 
       9.072220951624e+01       5.419853947105e-10 
       9.283540124220e+01       9.681679665914e-10 
       9.499781552671e+01       1.618076844024e-10 
       9.721059891047e+01       1.065044446145e-10 
       9.947492464050e+01       5.483654169598e-10 
       1.017919932923e+02       7.164449120736e-10 
       1.041630334063e+02       1.094085903319e-09 
       1.065893021393e+02       4.475733428821e-09 
       1.090720859313e+02       1.393804434259e-09 
       1.116127011869e+02       1.493380189964e-09 
       1.142124949741e+02       1.216326702352e-09 
       1.168728457379e+02       8.108096108535e-10 
       1.195951640315e+02       1.471320393843e-09 
       1.223808932641e+02       2.166855652023e-10 
       1.252315104662e+02       1.457982978585e-09 
       1.281485270728e+02       5.347139926759e-10 
       1.311334897247e+02       1.953351263147e-13 
       1.341879810886e+02       5.800097221238e-10 
       1.373136206963e+02       1.638891528181e-11 
       1.405120658032e+02       3.328978678062e-10 
       1.437850122673e+02       9.693642100561e-11 
       1.471341954482e+02       2.833907918014e-09 
       1.505613911270e+02       5.524674078567e-10 
       1.540684164483e+02       2.265536951404e-09 
       1.576571308833e+02       2.624663313752e-10 
       1.613294372160e+02       6.228708280206e-10 
       1.650872825517e+02       6.432405097678e-09 
       1.689326593498e+02       1.744886132544e-10 
       1.728676064800e+02       8.964905443860e-10 
       1.768942103034e+02       9.420677022152e-10 
       1.810146057785e+02       3.277751322972e-11 
       1.852309775936e+02       3.382617351577e-12 
       1.895455613248e+02       1.731104945610e-09 
       1.939606446216e+02       1.563205051577e-10 
       1.984785684196e+02       2.832765211410e-10 
       2.031017281816e+02       4.153595879009e-10 
