# Matter power spectrum P(k) at redshift z=99
# for k=1.00899e-05 to 203.102 h/Mpc,
# number of wavenumbers equal to 845
#    1:k (h/Mpc)              2:P (Mpc/h)^3        
       1.008985923385e-05       8.602999896387e-03 
       2.251775554930e-05       1.859274192862e-02 
       3.498636120606e-05       2.838314402661e-02 
       4.752690065129e-05       3.808703551380e-02 
       6.017107953816e-05       4.776660452573e-02 
       7.295134796828e-05       5.746720920537e-02 
       8.590117159567e-05       6.722680167096e-02 
       9.905531396721e-05       7.707975517621e-02 
       1.124501335013e-04       8.705879133209e-02 
       1.261238985365e-04       9.719612385643e-02 
       1.401171238971e-04       1.075242304173e-01 
       1.544729323969e-04       1.180764313636e-01 
       1.692374446017e-04       1.288873786541e-01 
       1.844601999509e-04       1.399934822643e-01 
       2.001946119308e-04       1.514333189315e-01 
       2.164984593225e-04       1.632480291105e-01 
       2.334344144963e-04       1.754817149940e-01 
       2.510706081659e-04       1.881818465135e-01 
       2.694812277618e-04       2.013996660242e-01 
       2.887471434300e-04       2.151906097164e-01 
       3.089565513521e-04       2.296147159908e-01 
       3.302056183397e-04       2.447370206979e-01 
       3.525991041884e-04       2.606279310451e-01 
       3.762509288441e-04       2.773635317081e-01 
       4.012846398935e-04       2.950258174403e-01 
       4.278337223492e-04       3.137027944060e-01 
       4.560416776520e-04       3.334883997849e-01 
       4.860617833901e-04       3.544821925042e-01 
       5.180564314341e-04       3.767887253522e-01 
       5.521959331310e-04       4.005165427561e-01 
       5.886566802046e-04       4.257767306142e-01 
       6.276185644258e-04       4.526809367324e-01 
       6.692615935926e-04       4.813388642713e-01 
       7.137617004578e-04       5.118552273398e-01 
       7.612858262925e-04       5.443262387072e-01 
       8.119864673565e-04       5.788357812951e-01 
       8.659959883789e-04       6.154515056704e-01 
       9.234211117495e-04       6.542211055792e-01 
       9.843380585498e-04       6.951691493315e-01 
       1.048788822721e-03       7.382947493539e-01 
       1.116778987109e-03       7.835703940886e-01 
       1.188277341859e-03       8.309420438287e-01 
       1.263217364320e-03       8.803307481430e-01 
       1.341500404014e-03       9.316436145237e-01 
       1.423000230117e-03       9.847537758841e-01 
       1.507568477514e-03       1.039525743921e+00 
       1.595040487398e-03       1.095813341849e+00 
       1.685241075052e-03       1.153463899252e+00 
       1.777989849946e-03       1.212322035831e+00 
       1.873105833493e-03       1.272232938843e+00 
       1.970411241375e-03       1.333045058685e+00 
       2.069734401352e-03       1.394612074261e+00 
       2.170911854437e-03       1.456794419192e+00 
       2.273789735608e-03       1.519460263239e+00 
       2.378224553543e-03       1.582485923192e+00 
       2.484083493407e-03       1.645756227548e+00 
       2.591244358870e-03       1.709164200557e+00 
       2.699595254824e-03       1.772611336645e+00 
       2.809034094888e-03       1.836006678751e+00 
       2.919468000394e-03       1.899266881834e+00 
       3.030812641761e-03       1.962315389719e+00 
       3.142991559685e-03       2.025082542584e+00 
       3.255935492585e-03       2.087504194161e+00 
       3.369581728141e-03       2.149522213064e+00 
       3.483873490193e-03       2.211083431415e+00 
       3.598759367421e-03       2.272140095470e+00 
       3.714192786759e-03       2.332647835699e+00 
       3.830131532053e-03       2.392567429099e+00 
       3.946537306880e-03       2.451862532150e+00 
       4.063375339396e-03       2.510501516483e+00 
       4.180614026477e-03       2.568454535394e+00 
       4.298224614140e-03       2.625696440998e+00 
       4.416180911106e-03       2.682203774078e+00 
       4.534459032436e-03       2.737955586740e+00 
       4.653037170281e-03       2.792934297460e+00 
       4.771895388998e-03       2.847123534991e+00 
       4.891015442065e-03       2.900510475469e+00 
       5.010380608463e-03       2.953083007238e+00 
       5.129975546421e-03       3.004830471958e+00 
       5.249786162607e-03       3.055745932567e+00 
       5.369799495068e-03       3.105822017180e+00 
       5.490003608392e-03       3.155054917310e+00 
       5.610387499743e-03       3.203440316205e+00 
       5.730941014549e-03       3.250975487890e+00 
       5.851654770797e-03       3.297659729315e+00 
       5.972520090970e-03       3.343493727135e+00 
       6.093528940795e-03       3.388477732215e+00 
       6.214673874059e-03       3.432613924155e+00 
       6.335947982840e-03       3.475905655033e+00 
       6.457344852562e-03       3.518355345911e+00 
       6.578858521367e-03       3.559969171156e+00 
       6.700483443346e-03       3.600751694102e+00 
       6.822214455222e-03       3.640707378704e+00 
       6.944046746129e-03       3.679843627271e+00 
       7.065975830168e-03       3.718167476981e+00 
       7.187997521452e-03       3.755684041201e+00 
       7.310107911398e-03       3.792403792673e+00 
       7.432303348035e-03       3.828333867087e+00 
       7.554580417124e-03       3.863482133122e+00 
       7.676935924931e-03       3.897855213760e+00 
       7.799366882465e-03       3.931463742194e+00 
       7.921870491067e-03       3.964316496503e+00 
       8.044444129208e-03       3.996421990696e+00 
       8.167085340379e-03       4.027789637197e+00 
       8.289791821990e-03       4.058427504575e+00 
       8.412561415158e-03       4.088346429607e+00 
       8.535392095331e-03       4.117554775224e+00 
       8.658281963652e-03       4.146061542822e+00 
       8.781229239010e-03       4.173875218395e+00 
       8.904232250708e-03       4.201007639559e+00 
       9.027289431704e-03       4.227465447271e+00 
       9.150399312368e-03       4.253257858564e+00 
       9.273560514714e-03       4.278394659186e+00 
       9.396771747065e-03       4.302884215388e+00 
       9.520031799123e-03       4.326734805879e+00 
       9.643339537395e-03       4.349956325528e+00 
       9.766693900965e-03       4.372554890110e+00 
       9.890093897566e-03       4.394541328708e+00 
       1.001353859994e-02       4.415923702594e+00 
       1.013702714247e-02       4.436707758313e+00 
       1.026055871802e-02       4.456902887543e+00 
       1.038413257505e-02       4.476516387699e+00 
       1.050774801489e-02       4.495559111828e+00 
       1.063140438921e-02       4.514031718968e+00 
       1.075510109773e-02       4.531949454200e+00 
       1.087883758598e-02       4.549314439086e+00 
       1.100261334330e-02       4.566133418809e+00 
       1.112642790095e-02       4.582415088359e+00 
       1.125028083038e-02       4.598166764231e+00 
       1.137417174154e-02       4.613393887374e+00 
       1.149810028141e-02       4.628104824404e+00 
       1.162206613256e-02       4.642302617053e+00 
       1.174606901183e-02       4.655997080079e+00 
       1.187010866910e-02       4.669192929262e+00 
       1.199418488617e-02       4.681896999276e+00 
       1.211829747567e-02       4.694113749004e+00 
       1.224244628010e-02       4.705851468548e+00 
       1.236663117090e-02       4.717115246814e+00 
       1.249085204757e-02       4.727908403830e+00 
       1.261510883696e-02       4.738240458640e+00 
       1.273940149246e-02       4.748113499488e+00 
       1.286372999336e-02       4.757537510049e+00 
       1.298809434421e-02       4.766513167479e+00 
       1.311249457428e-02       4.775049818566e+00 
       1.323693073698e-02       4.783149860919e+00 
       1.336140290942e-02       4.790820740561e+00 
       1.348591119193e-02       4.798068210406e+00 
       1.361045570765e-02       4.804897245565e+00 
       1.373503660222e-02       4.811309474313e+00 
       1.385965404336e-02       4.817315474828e+00 
       1.398430822064e-02       4.822916171994e+00 
       1.410899934517e-02       4.828120381350e+00 
       1.423372764937e-02       4.832928908477e+00 
       1.435849338678e-02       4.837351790305e+00 
       1.448329683185e-02       4.841388203255e+00 
       1.460813827981e-02       4.845048763785e+00 
       1.473301804651e-02       4.848336927579e+00 
       1.485793646835e-02       4.851254283643e+00 
       1.498289390217e-02       4.853808929042e+00 
       1.510789072521e-02       4.856007030659e+00 
       1.523292733507e-02       4.857849455438e+00 
       1.535800414968e-02       4.859342271932e+00 
       1.548312160735e-02       4.860493983157e+00 
       1.560828016672e-02       4.861306694443e+00 
       1.573348030688e-02       4.861780447981e+00 
       1.585872252741e-02       4.861925422138e+00 
       1.598400734844e-02       4.861746621278e+00 
       1.610933531079e-02       4.861244700361e+00 
       1.623470697605e-02       4.860432334518e+00 
       1.636012292677e-02       4.859304458163e+00 
       1.648558376655e-02       4.857867363068e+00 
       1.661109012028e-02       4.856132835977e+00 
       1.673664263428e-02       4.854097378158e+00 
       1.686224197652e-02       4.851770707157e+00 
       1.698788883685e-02       4.849155186705e+00 
       1.711358392725e-02       4.846251310993e+00 
       1.723932798205e-02       4.843070262581e+00 
       1.736512175823e-02       4.839611245051e+00 
       1.749096603570e-02       4.835880624577e+00 
       1.761686161762e-02       4.831879775989e+00 
       1.774280933070e-02       4.827623609925e+00 
       1.786881002554e-02       4.823099350904e+00 
       1.799486457700e-02       4.818327347205e+00 
       1.812097388457e-02       4.813296429691e+00 
       1.824713887274e-02       4.808022875930e+00 
       1.837336049141e-02       4.802505726375e+00 
       1.849963971633e-02       4.796749582191e+00 
       1.862597754953e-02       4.790755608488e+00 
       1.875237501977e-02       4.784531936368e+00 
       1.887883318301e-02       4.778079442871e+00 
       1.900535312294e-02       4.771406963126e+00 
       1.913193595143e-02       4.764510669805e+00 
       1.925858280911e-02       4.757400490253e+00 
       1.938529486592e-02       4.750073558855e+00 
       1.951207332163e-02       4.742541005198e+00 
       1.963891940648e-02       4.734800133907e+00 
       1.976583438176e-02       4.726866232653e+00 
       1.989281954046e-02       4.718722721919e+00 
       2.001987620788e-02       4.710388846650e+00 
       2.014700574237e-02       4.701867495367e+00 
       2.027420953594e-02       4.693153842528e+00 
       2.040148901504e-02       4.684257457506e+00 
       2.052884564128e-02       4.675183646579e+00 
       2.065628091220e-02       4.665926111755e+00 
       2.078379636203e-02       4.656499924353e+00 
       2.091139356253e-02       4.646901682684e+00 
       2.103907412384e-02       4.637128657180e+00 
       2.116683969530e-02       4.627202543003e+00 
       2.129469196640e-02       4.617104629612e+00 
       2.142263266765e-02       4.606848583344e+00 
       2.155066357157e-02       4.596450333339e+00 
       2.167878649364e-02       4.585900321244e+00 
       2.180700329333e-02       4.575187787416e+00 
       2.193531587513e-02       4.564340716398e+00 
       2.206372618964e-02       4.553343951958e+00 
       2.219223623466e-02       4.542218252085e+00 
       2.232084805636e-02       4.530948189050e+00 
       2.244956375042e-02       4.519546511222e+00 
       2.257838546331e-02       4.508010746774e+00 
       2.270731539347e-02       4.496355493716e+00 
       2.283635579267e-02       4.484571402846e+00 
       2.296550896730e-02       4.472665201564e+00 
       2.309477727980e-02       4.460641599173e+00 
       2.322416315002e-02       4.448510236914e+00 
       2.335366905675e-02       4.436250053295e+00 
       2.348329753921e-02       4.423885582901e+00 
       2.361305119861e-02       4.411410359205e+00 
       2.374293269977e-02       4.398840984598e+00 
       2.387294477280e-02       4.386156284178e+00 
       2.400309021484e-02       4.373373755656e+00 
       2.413337189178e-02       4.360503057551e+00 
       2.426379274017e-02       4.347535139426e+00 
       2.439435576908e-02       4.334465234191e+00 
       2.452506406208e-02       4.321315557285e+00 
       2.465592077927e-02       4.308072713396e+00 
       2.478692915937e-02       4.294756386603e+00 
       2.491809252189e-02       4.281344554324e+00 
       2.504941426942e-02       4.267852213527e+00 
       2.518089788986e-02       4.254293463135e+00 
       2.531254695892e-02       4.240655787071e+00 
       2.544436514254e-02       4.226948121274e+00 
       2.557635619949e-02       4.213155689229e+00 
       2.570852398403e-02       4.199312829391e+00 
       2.584087244865e-02       4.185401229585e+00 
       2.597340564696e-02       4.171410230448e+00 
       2.610612773662e-02       4.157373304410e+00 
       2.623904298241e-02       4.143269641424e+00 
       2.637215575941e-02       4.129109474760e+00 
       2.650547055630e-02       4.114896516142e+00 
       2.663899197875e-02       4.100622573627e+00 
       2.677272475300e-02       4.086307837515e+00 
       2.690667372948e-02       4.071941329262e+00 
       2.704084388668e-02       4.057516893915e+00 
       2.717524033506e-02       4.043053355091e+00 
       2.730986832117e-02       4.028555357330e+00 
       2.744473323193e-02       4.014007839225e+00 
       2.757984059904e-02       3.999407460081e+00 
       2.771519610360e-02       3.984783552480e+00 
       2.785080558089e-02       3.970130104487e+00 
       2.798667502534e-02       3.955419962674e+00 
       2.812281059571e-02       3.940691211643e+00 
       2.825921862046e-02       3.925922611747e+00 
       2.839590560337e-02       3.911137831046e+00 
       2.853287822937e-02       3.896314843922e+00 
       2.867014337060e-02       3.881460108174e+00 
       2.880770809274e-02       3.866590104820e+00 
       2.894557966159e-02       3.851686785607e+00 
       2.908376554997e-02       3.836776224938e+00 
       2.922227344485e-02       3.821834741503e+00 
       2.936111125486e-02       3.806874820109e+00 
       2.950028711803e-02       3.791900252118e+00 
       2.963980940998e-02       3.776901532637e+00 
       2.977968675242e-02       3.761887751943e+00 
       2.991992802197e-02       3.746864317924e+00 
       3.006054235952e-02       3.731831584201e+00 
       3.020153917986e-02       3.716780745117e+00 
       3.034292818185e-02       3.701725824978e+00 
       3.048471935906e-02       3.686658258219e+00 
       3.062692301082e-02       3.671570762464e+00 
       3.076954975391e-02       3.656502186422e+00 
       3.091261053472e-02       3.641415817806e+00 
       3.105611664203e-02       3.626324710788e+00 
       3.120007972039e-02       3.611230490165e+00 
       3.134451178417e-02       3.596118435835e+00 
       3.148942523232e-02       3.581021930859e+00 
       3.163483286384e-02       3.565923676022e+00 
       3.178074789403e-02       3.550828831617e+00 
       3.192718397158e-02       3.535721370487e+00 
       3.207415519655e-02       3.520625072661e+00 
       3.222167613928e-02       3.505534317692e+00 
       3.236976186026e-02       3.490438558576e+00 
       3.251842793110e-02       3.475366890524e+00 
       3.266769045662e-02       3.460257675029e+00 
       3.281756609808e-02       3.445203905324e+00 
       3.296807209781e-02       3.430126913097e+00 
       3.311922630503e-02       3.415051077510e+00 
       3.327104720329e-02       3.400001323234e+00 
       3.342355393934e-02       3.384960832378e+00 
       3.357676635374e-02       3.369906881513e+00 
       3.373070501315e-02       3.354887812134e+00 
       3.388539124463e-02       3.339869136193e+00 
       3.404084717188e-02       3.324857891648e+00 
       3.419709575366e-02       3.309853062400e+00 
       3.435416082463e-02       3.294872020884e+00 
       3.451206713858e-02       3.279879384198e+00 
       3.467084041444e-02       3.264913965536e+00 
       3.483050738512e-02       3.249953887491e+00 
       3.499109584951e-02       3.235006914346e+00 
       3.515263472782e-02       3.220085327695e+00 
       3.531515412053e-02       3.205171112700e+00 
       3.547868537122e-02       3.190256037640e+00 
       3.564326113364e-02       3.175360181162e+00 
       3.580891544335e-02       3.160473727099e+00 
       3.597568379423e-02       3.145601620799e+00 
       3.614360322038e-02       3.130745185016e+00 
       3.631271238380e-02       3.115888688715e+00 
       3.648305166828e-02       3.101044673343e+00 
       3.665466328025e-02       3.086226565544e+00 
       3.682759135694e-02       3.071418787045e+00 
       3.700188208264e-02       3.056612981628e+00 
       3.717758381384e-02       3.041820709418e+00 
       3.735474721393e-02       3.027040418453e+00 
       3.753342539844e-02       3.012253716466e+00 
       3.771367409180e-02       2.997489008348e+00 
       3.789555179669e-02       2.982740625153e+00 
       3.807911997726e-02       2.967986135605e+00 
       3.826444325751e-02       2.953251611752e+00 
       3.845158963647e-02       2.938518159837e+00 
       3.864063072175e-02       2.923791858511e+00 
       3.883164198345e-02       2.909067979032e+00 
       3.902470303062e-02       2.894344940959e+00 
       3.921989791253e-02       2.879627231310e+00 
       3.941731544758e-02       2.864909005035e+00 
       3.961704958289e-02       2.850190674924e+00 
       3.981919978798e-02       2.835476274049e+00 
       4.002387148648e-02       2.820759110103e+00 
       4.023117653032e-02       2.806037907917e+00 
       4.044123372141e-02       2.791307328791e+00 
       4.065416938658e-02       2.776573192048e+00 
       4.087011801240e-02       2.761831621051e+00 
       4.108922294733e-02       2.747078736317e+00 
       4.131163717982e-02       2.732309353669e+00 
       4.153752420241e-02       2.717524588631e+00 
       4.176705897322e-02       2.702730922079e+00 
       4.200042898802e-02       2.687909597736e+00 
       4.223783547839e-02       2.673073211975e+00 
       4.247949475379e-02       2.658208311375e+00 
       4.272563970839e-02       2.643314267237e+00 
       4.297652151713e-02       2.628378527772e+00 
       4.323241154967e-02       2.613423216574e+00 
       4.349360353592e-02       2.598430163533e+00 
       4.376041602319e-02       2.583385643454e+00 
       4.403319517213e-02       2.568298629392e+00 
       4.431231794788e-02       2.553159026671e+00 
       4.459819577357e-02       2.537961131669e+00 
       4.489127872701e-02       2.522700196084e+00 
       4.519206037738e-02       2.507365154036e+00 
       4.550108337953e-02       2.491964539307e+00 
       4.581894596815e-02       2.476474299429e+00 
       4.614630952536e-02       2.460904978672e+00 
       4.648390743429e-02       2.445214071709e+00 
       4.683255547970e-02       2.429432564938e+00 
       4.719316411816e-02       2.413520144087e+00 
       4.756675301773e-02       2.397482844072e+00 
       4.795446836503e-02       2.381313401032e+00 
       4.835760356241e-02       2.364993752827e+00 
       4.877762409663e-02       2.348480905173e+00 
       4.921619756285e-02       2.331755298226e+00 
       4.967523008562e-02       2.314815868984e+00 
       5.015691070604e-02       2.297620601377e+00 
       5.066376571717e-02       2.280141187824e+00 
       5.119872544391e-02       2.262338003395e+00 
       5.176520658853e-02       2.244176545944e+00 
       5.236721399178e-02       2.225590100789e+00 
       5.300946644312e-02       2.206503764641e+00 
       5.369755187007e-02       2.186838155613e+00 
       5.443811751592e-02       2.166481766626e+00 
       5.523909986870e-02       2.145292411758e+00 
       5.610999570581e-02       2.123080366033e+00 
       5.706216694303e-02       2.099593239428e+00 
       5.810915312358e-02       2.074514206747e+00 
       5.926692834861e-02       2.047383488304e+00 
       6.055397337690e-02       2.017604010136e+00 
       6.199093019779e-02       1.984369247638e+00 
       6.359947941573e-02       1.946622143880e+00 
       6.540001143586e-02       1.903072283582e+00 
       6.740785584535e-02       1.852264178764e+00 
       6.962856954584e-02       1.792844579386e+00 
       7.205402576627e-02       1.723972743989e+00 
       7.466181558845e-02       1.645828538577e+00 
       7.741925945704e-02       1.559916369336e+00 
       8.029037151845e-02       1.468997830137e+00 
       8.324228136121e-02       1.376620224678e+00 
       8.624873568324e-02       1.286490193598e+00 
       8.929066763551e-02       1.201904879041e+00 
       9.235510012400e-02       1.125370666305e+00 
       9.543357075755e-02       1.058436384622e+00 
       9.852071039889e-02       1.001698295102e+00 
       1.016131705669e-01       9.548848362533e-01 
       1.047088850236e-01       9.170570427323e-01 
       1.078065869652e-01       8.867555347521e-01 
       1.109055026927e-01       8.622009506268e-01 
       1.140051606950e-01       8.414614847409e-01 
       1.171052739291e-01       8.226278441682e-01 
       1.202056676986e-01       8.039783520318e-01 
       1.233062356398e-01       7.841168610861e-01 
       1.264069129232e-01       7.620909165747e-01 
       1.295076599588e-01       7.374453404787e-01 
       1.326084524970e-01       7.102155041297e-01 
       1.357092756157e-01       6.808656506515e-01 
       1.388101200703e-01       6.501753166765e-01 
       1.419109800763e-01       6.190999706835e-01 
       1.450118519627e-01       5.886391038591e-01 
       1.481127333536e-01       5.597083429240e-01 
       1.512136226708e-01       5.330605967859e-01 
       1.543145188302e-01       5.092159192133e-01 
       1.574154210577e-01       4.884306589000e-01 
       1.605163287752e-01       4.707390867193e-01 
       1.636172415321e-01       4.559430350533e-01 
       1.667181589622e-01       4.436759032437e-01 
       1.698190807569e-01       4.334154123651e-01 
       1.729200066488e-01       4.246141067941e-01 
       1.760209364009e-01       4.166907212478e-01 
       1.791218697997e-01       4.091600715326e-01 
       1.822228066506e-01       4.014253481060e-01 
       1.853237467746e-01       3.930949414412e-01 
       1.884246900064e-01       3.839208327969e-01 
       1.915256361923e-01       3.738202499960e-01 
       1.946265851889e-01       3.628654032331e-01 
       1.977275368625e-01       3.512536761749e-01 
       2.008284910877e-01       3.392738333180e-01 
       2.039294477471e-01       3.272417771391e-01 
       2.070304067303e-01       3.154683740291e-01 
       2.101313679336e-01       3.042224801893e-01 
       2.132323312595e-01       2.937202391560e-01 
       2.163332966159e-01       2.841089858583e-01 
       2.194342639162e-01       2.754743353834e-01 
       2.225352330786e-01       2.678346869642e-01 
       2.256362040257e-01       2.611434782674e-01 
       2.287371766844e-01       2.552969500664e-01 
       2.318381509857e-01       2.501425581419e-01 
       2.349391268640e-01       2.454989788880e-01 
       2.380401042573e-01       2.411706097528e-01 
       2.411410831068e-01       2.369747813910e-01 
       2.442420633567e-01       2.327579087423e-01 
       2.473430449540e-01       2.284022370347e-01 
       2.504440278483e-01       2.238353160028e-01 
       2.535450119918e-01       2.190251444401e-01 
       2.566459973389e-01       2.139787155931e-01 
       2.597469838462e-01       2.087371968104e-01 
       2.628479714724e-01       2.033709850867e-01 
       2.659489601782e-01       1.979706293701e-01 
       2.690499499260e-01       1.926368177703e-01 
       2.721509406800e-01       1.874683791081e-01 
       2.752519324060e-01       1.825500425776e-01 
       2.783529250714e-01       1.779433222506e-01 
       2.814539186449e-01       1.736816892404e-01 
       2.845549130966e-01       1.697734527352e-01 
       2.876559083981e-01       1.662004857761e-01 
       2.907569045219e-01       1.629293840871e-01 
       2.938579014420e-01       1.599112704234e-01 
       2.969588991332e-01       1.570948283054e-01 
       3.000598975715e-01       1.544238099187e-01 
       3.031608967339e-01       1.518414216975e-01 
       3.062618965982e-01       1.492954714898e-01 
       3.093628971433e-01       1.467415194163e-01 
       3.124638983487e-01       1.441492340208e-01 
       3.155649001950e-01       1.415015111858e-01 
       3.186659026633e-01       1.387975824992e-01 
       3.217669057355e-01       1.360508462004e-01 
       3.248679093943e-01       1.332829687898e-01 
       3.279689136230e-01       1.305213598160e-01 
       3.310699184054e-01       1.277940400745e-01 
       3.341709237261e-01       1.251267024573e-01 
       3.372719295702e-01       1.225436067734e-01 
       3.403729359232e-01       1.200645555673e-01 
       3.434739427715e-01       1.177041384792e-01 
       3.465749501015e-01       1.154709398460e-01 
       3.496759579004e-01       1.133660187762e-01 
       3.527769661558e-01       1.113824227412e-01 
       3.558779748558e-01       1.095059989012e-01 
       3.589789839887e-01       1.077179957228e-01 
       3.620799935433e-01       1.059980915436e-01 
       3.651810035090e-01       1.043272380010e-01 
       3.682820138752e-01       1.026886077491e-01 
       3.713830246319e-01       1.010699140906e-01 
       3.744840357693e-01       9.946193054016e-02 
       3.775850472781e-01       9.785859209432e-02 
       3.806860591491e-01       9.625720159708e-02 
       3.837870713735e-01       9.465691540814e-02 
       3.868880839427e-01       9.306118836739e-02 
       3.899890968486e-01       9.147580989150e-02 
       3.930901100830e-01       8.990930651174e-02 
       3.961911236384e-01       8.837067569867e-02 
       3.992921375071e-01       8.686835212814e-02 
       4.023931516818e-01       8.540874947791e-02 
       4.054941661557e-01       8.399548390492e-02 
       4.085951809217e-01       8.263013282161e-02 
       4.116961959733e-01       8.131234919745e-02 
       4.147972113040e-01       8.004102106180e-02 
       4.178982269077e-01       7.881429699766e-02 
       4.209992427782e-01       7.762962324999e-02 
       4.241002589097e-01       7.648290718932e-02 
       4.272012752965e-01       7.536956258441e-02 
       4.303022919330e-01       7.428342023585e-02 
       4.334033088139e-01       7.321851093551e-02 
       4.365043259339e-01       7.216944623936e-02 
       4.396053432879e-01       7.113302956029e-02 
       4.427063608711e-01       7.010705907899e-02 
       4.458073786786e-01       6.909130782544e-02 
       4.489083967058e-01       6.808606959328e-02 
       4.520094149481e-01       6.709253416907e-02 
       4.551104334010e-01       6.611113777717e-02 
       4.582114520605e-01       6.514331641961e-02 
       4.613124709221e-01       6.419104665011e-02 
       4.644134899819e-01       6.325629466994e-02 
       4.675145092360e-01       6.234201930263e-02 
       4.706155286804e-01       6.145043224127e-02 
       4.737165483114e-01       6.058304998430e-02 
       4.768175681254e-01       5.974020270695e-02 
       4.799185881188e-01       5.892056390501e-02 
       4.830196082881e-01       5.812247509411e-02 
       4.861206286300e-01       5.734381260966e-02 
       4.892216491411e-01       5.658273035293e-02 
       4.923226698183e-01       5.583770203673e-02 
       4.954236906585e-01       5.510689376681e-02 
       4.985247116585e-01       5.438921868593e-02 
       5.016257328155e-01       5.368331105941e-02 
       5.047267541264e-01       5.298728375998e-02 
       5.078277755885e-01       5.229999097289e-02 
       5.109287971991e-01       5.162078113805e-02 
       5.140298189553e-01       5.095026300719e-02 
       5.171308408547e-01       5.028865171698e-02 
       5.202318628946e-01       4.963744344259e-02 
       5.233328850725e-01       4.899737348540e-02 
       5.264339073859e-01       4.836905540144e-02 
       5.295349298326e-01       4.775231585179e-02 
       5.326359524101e-01       4.714725326581e-02 
       5.357369751162e-01       4.655349230257e-02 
       5.388379979486e-01       4.597144677534e-02 
       5.419390209052e-01       4.540091638770e-02 
       5.450400439839e-01       4.484225422431e-02 
       5.481410671825e-01       4.429508570366e-02 
       5.512420904991e-01       4.375899507975e-02 
       5.543431139316e-01       4.323300402591e-02 
       5.574441374781e-01       4.271588232867e-02 
       5.605451611368e-01       4.220711881777e-02 
       5.636461849057e-01       4.170615928015e-02 
       5.667472087831e-01       4.121292518576e-02 
       5.698482327671e-01       4.072734191073e-02 
       5.729492568561e-01       4.024936818251e-02 
       5.760502810483e-01       3.977863955561e-02 
       5.791513053420e-01       3.931472847594e-02 
       5.822523297358e-01       3.885714699714e-02 
       5.853533542278e-01       3.840600723353e-02 
       5.884543788167e-01       3.796131302046e-02 
       5.915554035008e-01       3.752358998206e-02 
       5.946564282787e-01       3.709314354027e-02 
       5.977574531490e-01       3.667024932743e-02 
       6.008584781101e-01       3.625475104781e-02 
       6.039595031606e-01       3.584631155615e-02 
       6.070605282993e-01       3.544457338252e-02 
       6.101615535247e-01       3.504927579419e-02 
       6.132625788356e-01       3.466033168293e-02 
       6.163636042306e-01       3.427777780549e-02 
       6.194646297084e-01       3.390167541416e-02 
       6.225656552679e-01       3.353172539302e-02 
       6.256666809078e-01       3.316771262858e-02 
       6.287677066270e-01       3.280907785743e-02 
       6.318687324242e-01       3.245541410252e-02 
       6.349697582983e-01       3.210650078288e-02 
       6.380707842481e-01       3.176229995834e-02 
       6.411718102727e-01       3.142303032299e-02 
       6.442728363709e-01       3.108878678717e-02 
       6.473738625416e-01       3.075959146009e-02 
       6.504748887838e-01       3.043527090387e-02 
       6.535759150964e-01       3.011557717003e-02 
       6.566769414786e-01       2.980030205640e-02 
       6.597779679293e-01       2.948934355117e-02 
       6.628789944474e-01       2.918278009267e-02 
       6.659800210322e-01       2.888081077314e-02 
       6.690810476827e-01       2.858353666161e-02 
       6.721820743978e-01       2.829094149913e-02 
       6.752831011769e-01       2.800280039695e-02 
       6.783841280189e-01       2.771883996918e-02 
       6.814851549230e-01       2.743879707302e-02 
       6.845861818884e-01       2.716251766043e-02 
       6.876872089143e-01       2.689003210834e-02 
       6.907882359997e-01       2.662141844557e-02 
       6.938892631440e-01       2.635672496952e-02 
       6.969902903463e-01       2.609587806443e-02 
       7.000913176059e-01       2.583865682688e-02 
       7.031923449220e-01       2.558482824731e-02 
       7.062933722939e-01       2.533420079109e-02 
       7.093943997207e-01       2.508671314873e-02 
       7.124954272019e-01       2.484242559421e-02 
       7.155964547367e-01       2.460146340637e-02 
       7.186974823243e-01       2.436392750794e-02 
       7.217985099642e-01       2.412976383361e-02 
       7.248995376556e-01       2.389882452738e-02 
       7.280005653980e-01       2.367092609000e-02 
       7.464455758911e-01       2.237527042642e-02 
       7.651667369904e-01       2.115998065737e-02 
       7.841776807609e-01       2.001806761243e-02 
       8.034934157474e-01       1.894369189510e-02 
       8.231301148749e-01       1.793212676433e-02 
       8.431049009566e-01       1.697865796139e-02 
       8.634356369493e-01       1.607925859314e-02 
       8.841407269858e-01       1.523038515471e-02 
       9.052389330669e-01       1.442837599171e-02 
       9.267492111720e-01       1.366997513247e-02 
       9.486905694695e-01       1.295231916937e-02 
       9.710819503027e-01       1.227288810202e-02 
       9.939421366890e-01       1.162934651306e-02 
       1.017289683224e+00       1.101947344642e-02 
       1.041142870509e+00       1.044143388497e-02 
       1.065519681575e+00       9.893309043972e-03 
       1.090437798200e+00       9.373560373015e-03 
       1.115914614608e+00       8.880609883899e-03 
       1.141967265759e+00       8.413050269185e-03 
       1.168612667242e+00       7.969491935981e-03 
       1.195867563839e+00       7.548709178942e-03 
       1.223748583886e+00       7.149448331282e-03 
       1.252272296823e+00       6.770678651454e-03 
       1.281455271632e+00       6.411331570755e-03 
       1.311314134255e+00       6.070599648744e-03 
       1.341865622465e+00       5.747432228546e-03 
       1.373126637132e+00       5.440861666795e-03 
       1.405114289159e+00       5.150157492959e-03 
       1.437845941780e+00       4.874596500631e-03 
       1.471339248146e+00       4.613228619662e-03 
       1.505612184415e+00       4.365462506965e-03 
       1.540683078698e+00       4.130635995605e-03 
       1.576570636332e+00       3.908007018537e-03 
       1.613293962009e+00       3.697080740674e-03 
       1.650872579296e+00       3.497181417557e-03 
       1.689326448072e+00       3.307800940157e-03 
       1.728675980336e+00       3.128341491913e-03 
       1.768942054827e+00       2.958346096965e-03 
       1.810146030777e+00       2.797347725757e-03 
       1.852309761107e+00       2.644842914914e-03 
       1.895455605294e+00       2.500423257907e-03 
       1.939606442072e+00       2.363655167582e-03 
       1.984785682127e+00       2.234180970071e-03 
       2.031017280857e+00       2.111602756499e-03 
       2.078325751307e+00       1.995553150171e-03 
       2.126736177300e+00       1.885707576327e-03 
       2.176274226817e+00       1.781735799570e-03 
       2.226966165660e+00       1.683336696152e-03 
       2.278838871403e+00       1.590224202716e-03 
       2.331919847661e+00       1.502118888229e-03 
       2.386237238680e+00       1.418759921845e-03 
       2.441819844264e+00       1.339907375110e-03 
       2.498697135050e+00       1.265304483196e-03 
       2.556899268129e+00       1.194738333781e-03 
       2.616457103044e+00       1.128008126059e-03 
       2.677402218149e+00       1.064883076538e-03 
       2.739766927348e+00       1.005205260643e-03 
       2.803584297238e+00       9.487593765369e-04 
       2.868888164632e+00       8.954040734092e-04 
       2.935713154505e+00       8.449551277741e-04 
       3.004094698352e+00       7.972578160100e-04 
       3.074069052971e+00       7.521747733721e-04 
       3.145673319693e+00       7.095609876515e-04 
       3.218945464046e+00       6.692862645034e-04 
       3.293924335892e+00       6.312229631630e-04 
       3.370649690021e+00       5.952532382386e-04 
       3.449162207232e+00       5.612643636364e-04 
       3.529503515900e+00       5.291473412320e-04 
       3.611716214051e+00       4.988025595407e-04 
       3.695843891945e+00       4.701385453668e-04 
       3.781931155191e+00       4.430562458731e-04 
       3.870023648395e+00       4.174754069169e-04 
       3.960168079364e+00       3.933137619374e-04 
       4.052412243867e+00       3.704914872498e-04 
       4.146805050982e+00       3.489385329003e-04 
       4.243396549024e+00       3.285838460307e-04 
       4.342237952085e+00       3.093624979543e-04 
       4.443381667184e+00       2.912131475263e-04 
       4.546881322058e+00       2.740762695009e-04 
       4.652791793594e+00       2.578979973988e-04 
       4.761169236926e+00       2.426234957142e-04 
       4.872071115209e+00       2.282039514567e-04 
       4.985556230087e+00       2.145925137400e-04 
       5.101684752870e+00       2.017447463770e-04 
       5.220518256437e+00       1.896173884294e-04 
       5.342119747886e+00       1.781731779198e-04 
       5.466553701937e+00       1.673725989613e-04 
       5.593886095118e+00       1.571802187978e-04 
       5.724184440751e+00       1.475631931945e-04 
       5.857517824743e+00       1.384889661818e-04 
       5.993956942219e+00       1.299279836802e-04 
       6.133574135006e+00       1.218513658686e-04 
       6.276443429986e+00       1.142331667596e-04 
       6.422640578351e+00       1.070468320804e-04 
       6.572243095764e+00       1.002699134960e-04 
       6.725330303461e+00       9.387846748319e-05 
       6.881983370305e+00       8.785205984171e-05 
       7.042285355826e+00       8.217018842643e-05 
       7.206321254258e+00       7.681360204754e-05 
       7.374178039606e+00       7.176486834982e-05 
       7.545944711760e+00       6.700652345388e-05 
       7.721712343682e+00       6.252260090466e-05 
       7.901574129697e+00       5.829887003369e-05 
       8.085625434906e+00       5.431955862328e-05 
       8.273963845747e+00       5.057259790407e-05 
       8.466689221737e+00       4.704473387671e-05 
       8.663903748422e+00       4.372370937536e-05 
       8.865711991556e+00       4.059844783484e-05 
       9.072220952538e+00       3.765864102317e-05 
       9.283540125155e+00       3.489448164627e-05 
       9.499781553628e+00       3.229518971051e-05 
       9.721059892026e+00       2.985348286114e-05 
       9.947492465052e+00       2.756011637051e-05 
       1.017919933025e+01       2.540738769912e-05 
       1.041630334168e+01       2.338766705782e-05 
       1.065893021501e+01       2.149405852752e-05 
       1.090720859423e+01       1.971943731834e-05 
       1.116127011982e+01       1.805865610885e-05 
       1.142124949856e+01       1.650484334746e-05 
       1.168728457497e+01       1.505299161146e-05 
       1.195951640436e+01       1.369712600110e-05 
       1.223808932764e+01       1.243295429542e-05 
       1.252315104788e+01       1.125564671208e-05 
       1.281485270857e+01       1.016033794109e-05 
       1.311334897379e+01       9.143366514006e-06 
       1.341879811021e+01       8.200512755573e-06 
       1.373136207101e+01       7.328209271118e-06 
       1.405120658174e+01       6.522523053631e-06 
       1.437850122818e+01       5.780288336283e-06 
       1.471341954630e+01       5.098035341023e-06 
       1.505613911421e+01       4.472709963405e-06 
       1.540684164638e+01       3.901589706707e-06 
       1.576571308992e+01       3.381629062376e-06 
       1.613294372322e+01       2.909855731746e-06 
       1.650872825683e+01       2.484039381615e-06 
       1.689326593668e+01       2.101311525885e-06 
       1.728676064974e+01       1.759317986113e-06 
       1.768942103212e+01       1.455698713460e-06 
       1.810146057967e+01       1.188047953293e-06 
       1.852309776122e+01       9.541327546862e-07 
       1.895455613439e+01       7.516925554991e-07 
       1.939606446411e+01       5.785813629103e-07 
       1.984785684395e+01       4.326973165947e-07 
       2.031017282021e+01       3.117969093897e-07 
       2.078325751893e+01       2.139917039725e-07 
       2.126736177589e+01       1.373174447880e-07 
       2.176274226957e+01       7.950165531009e-08 
       2.226966165726e+01       3.892967112412e-08 
       2.278838871434e+01       1.356003027534e-08 
       2.331919847675e+01       1.558364222484e-09 
       2.386237238686e+01       1.126152709178e-09 
       2.441819844267e+01       1.051946231855e-08 
       2.498697135051e+01       2.804667644263e-08 
       2.556899268129e+01       5.208877574909e-08 
       2.616457103045e+01       8.110076560748e-08 
       2.677402218149e+01       1.135815628426e-07 
       2.739766927349e+01       1.482201581394e-07 
       2.803584297238e+01       1.836863089137e-07 
       2.868888164632e+01       2.188212597890e-07 
       2.935713154505e+01       2.525752340474e-07 
       3.004094698352e+01       2.839739980473e-07 
       3.074069052971e+01       3.122681327060e-07 
       3.145673319693e+01       3.367228049591e-07 
       3.218945464046e+01       3.568467340861e-07 
       3.293924335892e+01       3.721855028915e-07 
       3.370649690021e+01       3.825306617283e-07 
       3.449162207232e+01       3.877224611219e-07 
       3.529503515900e+01       3.877907155725e-07 
       3.611716214051e+01       3.828528658188e-07 
       3.695843891945e+01       3.731879491602e-07 
       3.781931155191e+01       3.591129672388e-07 
       3.870023648395e+01       3.412111757487e-07 
       3.960168079364e+01       3.199746686756e-07 
       4.052412243867e+01       2.959855438764e-07 
       4.146805050982e+01       2.699072693289e-07 
       4.243396549024e+01       2.424387671952e-07 
       4.342237952085e+01       2.142796177929e-07 
       4.443381667184e+01       1.860702856247e-07 
       4.546881322058e+01       1.584386459563e-07 
       4.652791793594e+01       1.320237497877e-07 
       4.761169236926e+01       1.073301524846e-07 
       4.872071115209e+01       8.473912519497e-08 
       4.985556230087e+01       6.464266658363e-08 
       5.101684752870e+01       4.725854026823e-08 
       5.220518256437e+01       3.273686376486e-08 
       5.342119747886e+01       2.108074886079e-08 
       5.466553701937e+01       1.219241855160e-08 
       5.593886095118e+01       5.939976065050e-09 
       5.724184440751e+01       2.063411327301e-09 
       5.857517824743e+01       2.482459703380e-10 
       5.993956942219e+01       1.361461319310e-10 
       6.133574135006e+01       1.340258675922e-09 
       6.276443429986e+01       3.465687722228e-09 
       6.422640578351e+01       6.129183969756e-09 
       6.572243095764e+01       8.977725654475e-09 
       6.725330303461e+01       1.170446500820e-08 
       6.881983370305e+01       1.405784629746e-08 
       7.042285355826e+01       1.585165697540e-08 
       7.206321254258e+01       1.697160259170e-08 
       7.374178039606e+01       1.736891086214e-08 
       7.545944711760e+01       1.705964597685e-08 
       7.721712343682e+01       1.611140509567e-08 
       7.901574129697e+01       1.464463764149e-08 
       8.085625434906e+01       1.279523813036e-08 
       8.273963845747e+01       1.071930446586e-08 
       8.466689221737e+01       8.577490965733e-09 
       8.663903748422e+01       6.511519584256e-09 
       8.865711991556e+01       4.639274871839e-09 
       9.072220952538e+01       3.051341307787e-09 
       9.283540125155e+01       1.797103091343e-09 
       9.499781553628e+01       8.944331393820e-10 
       9.721059892026e+01       3.266688214694e-10 
       9.947492465051e+01       5.119768565428e-11 
       1.017919933025e+02       6.864266145130e-12 
       1.041630334168e+02       1.228388306848e-10 
       1.065893021501e+02       3.275323976939e-10 
       1.090720859423e+02       5.564706176726e-10 
       1.116127011982e+02       7.582877133980e-10 
       1.142124949856e+02       8.972543915091e-10 
       1.168728457497e+02       9.566366058316e-10 
       1.195951640436e+02       9.355470629058e-10 
       1.223808932764e+02       8.454278854136e-10 
       1.252315104788e+02       7.079107411713e-10 
       1.281485270857e+02       5.453355119140e-10 
       1.311334897379e+02       3.831927930563e-10 
       1.341879811021e+02       2.397502630150e-10 
       1.373136207101e+02       1.279585849965e-10 
       1.405120658174e+02       5.255025360617e-11 
       1.437850122818e+02       1.202970130985e-11 
       1.471341954630e+02       2.428419029910e-14 
       1.505613911421e+02       6.921116359992e-12 
       1.540684164638e+02       2.299911594065e-11 
       1.576571308992e+02       3.985829107466e-11 
       1.613294372322e+02       5.155859460225e-11 
       1.650872825683e+02       5.553748123162e-11 
       1.689326593668e+02       5.198328536857e-11 
       1.728676064974e+02       4.264815851784e-11 
       1.768942103212e+02       3.066931211815e-11 
       1.810146057967e+02       1.903684529693e-11 
       1.852309776122e+02       9.322066834270e-12 
       1.895455613439e+02       3.298470574267e-12 
       1.939606446411e+02       4.482751150097e-13 
       1.984785684395e+02       8.899603762927e-14 
       2.031017282021e+02       1.085541586248e-12 
