# Matter power spectrum P(k) at redshift z=99
# for k=1.00899e-05 to 203.102 h/Mpc,
# number of wavenumbers equal to 845
#    1:k (h/Mpc)              2:P (Mpc/h)^3        
       1.008985923385e-05       8.602943748911e-03 
       2.251775554930e-05       1.859262058309e-02 
       3.498636120606e-05       2.838295878403e-02 
       4.752690065129e-05       3.808678693878e-02 
       6.017107953816e-05       4.776629277700e-02 
       7.295134796828e-05       5.746683414565e-02 
       8.590117159567e-05       6.722636291526e-02 
       9.905531396721e-05       7.707925211522e-02 
       1.124501335013e-04       8.705822314292e-02 
       1.261238985365e-04       9.719548950596e-02 
       1.401171238971e-04       1.075235286605e-01 
       1.544729323969e-04       1.180756607378e-01 
       1.692374446017e-04       1.288865374707e-01 
       1.844601999509e-04       1.399925685969e-01 
       2.001946119308e-04       1.514323306020e-01 
       2.164984593225e-04       1.632469636723e-01 
       2.334344144963e-04       1.754805697127e-01 
       2.510706081659e-04       1.881806183447e-01 
       2.694812277618e-04       2.013983515893e-01 
       2.887471434300e-04       2.151892052750e-01 
       3.089565513521e-04       2.296132174105e-01 
       3.302056183397e-04       2.447354234218e-01 
       3.525991041884e-04       2.606262300570e-01 
       3.762509288441e-04       2.773617214951e-01 
       4.012846398935e-04       2.950238919544e-01 
       4.278337223492e-04       3.137007470249e-01 
       4.560416776520e-04       3.334862232730e-01 
       4.860617833901e-04       3.544798789763e-01 
       5.180564314341e-04       3.767862662407e-01 
       5.521959331310e-04       4.005139287851e-01 
       5.886566802046e-04       4.257739517826e-01 
       6.276185644258e-04       4.526779823105e-01 
       6.692615935926e-04       4.813357228134e-01 
       7.137617004578e-04       5.118518867169e-01 
       7.612858262925e-04       5.443226861623e-01 
       8.119864673565e-04       5.788320035236e-01 
       8.659959883789e-04       6.154474889264e-01 
       9.234211117495e-04       6.542168358054e-01 
       9.843380585498e-04       6.951646123104e-01 
       1.048788822721e-03       7.382899308736e-01 
       1.116778987109e-03       7.835652801168e-01 
       1.188277341859e-03       8.309366206859e-01 
       1.263217364320e-03       8.803250026649e-01 
       1.341500404014e-03       9.316375341522e-01 
       1.423000230117e-03       9.847473488893e-01 
       1.507568477514e-03       1.039518959457e+00 
       1.595040487398e-03       1.095806190024e+00 
       1.685241075052e-03       1.153456371171e+00 
       1.777989849946e-03       1.212314123612e+00 
       1.873105833493e-03       1.272224635616e+00 
       1.970411241375e-03       1.333036358568e+00 
       2.069734401352e-03       1.394602972327e+00 
       2.170911854437e-03       1.456784911425e+00 
       2.273789735608e-03       1.519450346483e+00 
       2.378224553543e-03       1.582475595100e+00 
       2.484083493407e-03       1.645745486523e+00 
       2.591244358870e-03       1.709153045701e+00 
       2.699595254824e-03       1.772599767701e+00 
       2.809034094888e-03       1.835994696058e+00 
       2.919468000394e-03       1.899254486274e+00 
       3.030812641761e-03       1.962302582673e+00 
       3.142991559685e-03       2.025069325889e+00 
       3.255935492585e-03       2.087490570072e+00 
       3.369581728141e-03       2.149508184215e+00 
       3.483873490193e-03       2.211069000787e+00 
       3.598759367421e-03       2.272125266358e+00 
       3.714192786759e-03       2.332632611684e+00 
       3.830131532053e-03       2.392551814020e+00 
       3.946537306880e-03       2.451846530086e+00 
       4.063375339396e-03       2.510485131711e+00 
       4.180614026477e-03       2.568437772397e+00 
       4.298224614140e-03       2.625679304404e+00 
       4.416180911106e-03       2.682186268698e+00 
       4.534459032436e-03       2.737937717495e+00 
       4.653037170281e-03       2.792916069401e+00 
       4.771895388998e-03       2.847104953269e+00 
       4.891015442065e-03       2.900491545330e+00 
       5.010380608463e-03       2.953063733978e+00 
       5.129975546421e-03       3.004810860972e+00 
       5.249786162607e-03       3.055725989278e+00 
       5.369799495068e-03       3.105801747089e+00 
       5.490003608392e-03       3.155034325896e+00 
       5.610387499743e-03       3.203419409082e+00 
       5.730941014549e-03       3.250954270460e+00 
       5.851654770797e-03       3.297638207206e+00 
       5.972520090970e-03       3.343471905896e+00 
       6.093528940795e-03       3.388455617394e+00 
       6.214673874059e-03       3.432591521285e+00 
       6.335947982840e-03       3.475882969627e+00 
       6.457344852562e-03       3.518332383464e+00 
       6.578858521367e-03       3.559945937124e+00 
       6.700483443346e-03       3.600728193940e+00 
       6.822214455222e-03       3.640683617711e+00 
       6.944046746129e-03       3.679819610904e+00 
       7.065975830168e-03       3.718143210503e+00 
       7.187997521452e-03       3.755659529910e+00 
       7.310107911398e-03       3.792379041712e+00 
       7.432303348035e-03       3.828308881629e+00 
       7.554580417124e-03       3.863456918292e+00 
       7.676935924931e-03       3.897829774605e+00 
       7.799366882465e-03       3.931438083706e+00 
       7.921870491067e-03       3.964290623615e+00 
       8.044444129208e-03       3.996395908277e+00 
       8.167085340379e-03       4.027763350234e+00 
       8.289791821990e-03       4.058401017517e+00 
       8.412561415158e-03       4.088319747299e+00 
       8.535392095331e-03       4.117527902305e+00 
       8.658281963652e-03       4.146034483869e+00 
       8.781229239010e-03       4.173847977934e+00 
       8.904232250708e-03       4.200980222039e+00 
       9.027289431704e-03       4.227437857092e+00 
       9.150399312368e-03       4.253230099855e+00 
       9.273560514714e-03       4.278366736660e+00 
       9.396771747065e-03       4.302856133749e+00 
       9.520031799123e-03       4.326706567907e+00 
       9.643339537395e-03       4.349927936024e+00 
       9.766693900965e-03       4.372526353147e+00 
       9.890093897566e-03       4.394512644483e+00 
       1.001353859994e-02       4.415894882630e+00 
       1.013702714247e-02       4.436678802732e+00 
       1.026055871802e-02       4.456873801058e+00 
       1.038413257505e-02       4.476487172362e+00 
       1.050774801489e-02       4.495529772237e+00 
       1.063140438921e-02       4.514002246997e+00 
       1.075510109773e-02       4.531919877173e+00 
       1.087883758598e-02       4.549284748754e+00 
       1.100261334330e-02       4.566103619187e+00 
       1.112642790095e-02       4.582385188869e+00 
       1.125028083038e-02       4.598136755180e+00 
       1.137417174154e-02       4.613363782613e+00 
       1.149810028141e-02       4.628074620049e+00 
       1.162206613256e-02       4.642272419966e+00 
       1.174606901183e-02       4.655966693737e+00 
       1.187010866910e-02       4.669162456859e+00 
       1.199418488617e-02       4.681866444010e+00 
       1.211829747567e-02       4.694083114043e+00 
       1.224244628010e-02       4.705820757033e+00 
       1.236663117090e-02       4.717083659879e+00 
       1.249085204757e-02       4.727877548447e+00 
       1.261510883696e-02       4.738209535883e+00 
       1.273940149246e-02       4.748082512337e+00 
       1.286372999336e-02       4.757506461317e+00 
       1.298809434421e-02       4.766483300299e+00 
       1.311249457428e-02       4.775018655581e+00 
       1.323693073698e-02       4.783118645622e+00 
       1.336140290942e-02       4.790789474547e+00 
       1.348591119193e-02       4.798036897566e+00 
       1.361045570765e-02       4.804864469767e+00 
       1.373503660222e-02       4.811278075197e+00 
       1.385965404336e-02       4.817283564702e+00 
       1.398430822064e-02       4.822884992663e+00 
       1.410899934517e-02       4.828088872704e+00 
       1.423372764937e-02       4.832897368510e+00 
       1.435849338678e-02       4.837320221312e+00 
       1.448329683185e-02       4.841357967111e+00 
       1.460813827981e-02       4.845017144932e+00 
       1.473301804651e-02       4.848305287345e+00 
       1.485793646835e-02       4.851224092017e+00 
       1.498289390217e-02       4.853777253246e+00 
       1.510789072521e-02       4.855975340599e+00 
       1.523292733507e-02       4.857816958943e+00 
       1.535800414968e-02       4.859310560268e+00 
       1.548312160735e-02       4.860462264060e+00 
       1.560828016672e-02       4.861270393664e+00 
       1.573348030688e-02       4.861746562157e+00 
       1.585872252741e-02       4.861893693963e+00 
       1.598400734844e-02       4.861714894360e+00 
       1.610933531079e-02       4.861212976814e+00 
       1.623470697605e-02       4.860398363338e+00 
       1.636012292677e-02       4.859272747468e+00 
       1.648558376655e-02       4.857835661855e+00 
       1.661109012028e-02       4.856101190819e+00 
       1.673664263428e-02       4.854065701749e+00 
       1.686224197652e-02       4.851739046039e+00 
       1.698788883685e-02       4.849123542763e+00 
       1.711358392725e-02       4.846219686112e+00 
       1.723932798205e-02       4.843038658570e+00 
       1.736512175823e-02       4.839579683420e+00 
       1.749096603570e-02       4.835849067720e+00 
       1.761686161762e-02       4.831848273858e+00 
       1.774280933070e-02       4.827592124623e+00 
       1.786881002554e-02       4.823067877806e+00 
       1.799486457700e-02       4.818294108043e+00 
       1.812097388457e-02       4.813268005059e+00 
       1.824713887274e-02       4.807991620545e+00 
       1.837336049141e-02       4.802474459416e+00 
       1.849963971633e-02       4.796719361079e+00 
       1.862597754953e-02       4.790724475767e+00 
       1.875237501977e-02       4.784500715869e+00 
       1.887883318301e-02       4.778048264618e+00 
       1.900535312294e-02       4.771375828587e+00 
       1.913193595143e-02       4.764479580389e+00 
       1.925858280911e-02       4.757369447390e+00 
       1.938529486592e-02       4.750042563958e+00 
       1.951207332163e-02       4.742510059608e+00 
       1.963891940648e-02       4.734769238992e+00 
       1.976583438176e-02       4.726835389661e+00 
       1.989281954046e-02       4.718691932226e+00 
       2.001987620788e-02       4.710358111496e+00 
       2.014700574237e-02       4.701836815984e+00 
       2.027420953594e-02       4.693123220169e+00 
       2.040148901504e-02       4.684226893367e+00 
       2.052884564128e-02       4.675149025021e+00 
       2.065628091220e-02       4.665895667588e+00 
       2.078379636203e-02       4.656469085782e+00 
       2.091139356253e-02       4.646871363010e+00 
       2.103907412384e-02       4.637103288578e+00 
       2.116683969530e-02       4.627172352235e+00 
       2.129469196640e-02       4.617074504922e+00 
       2.142263266765e-02       4.606818525769e+00 
       2.155066357157e-02       4.596419385697e+00 
       2.167878649364e-02       4.585870400751e+00 
       2.180700329333e-02       4.575157937026e+00 
       2.193531587513e-02       4.564309579565e+00 
       2.206372618964e-02       4.553314244507e+00 
       2.219223623466e-02       4.542182064684e+00 
       2.232084805636e-02       4.530918628147e+00 
       2.244956375042e-02       4.519517024920e+00 
       2.257838546331e-02       4.507981335967e+00 
       2.270731539347e-02       4.496326159176e+00 
       2.283635579267e-02       4.484542145402e+00 
       2.296550896730e-02       4.472626714316e+00 
       2.309477727980e-02       4.460612498329e+00 
       2.322416315002e-02       4.448473077484e+00 
       2.335366905675e-02       4.436220371091e+00 
       2.348329753921e-02       4.423856722579e+00 
       2.361305119861e-02       4.411381580519e+00 
       2.374293269977e-02       4.398803257698e+00 
       2.387294477280e-02       4.386127670768e+00 
       2.400309021484e-02       4.373345225876e+00 
       2.413337189178e-02       4.360474611996e+00 
       2.426379274017e-02       4.347506778741e+00 
       2.439435576908e-02       4.334436959026e+00 
       2.452506406208e-02       4.321287368173e+00 
       2.465592077927e-02       4.308044610947e+00 
       2.478692915937e-02       4.294728826594e+00 
       2.491809252189e-02       4.281320016541e+00 
       2.504941426942e-02       4.267824374280e+00 
       2.518089788986e-02       4.254278523029e+00 
       2.531254695892e-02       4.240628125791e+00 
       2.544436514254e-02       4.226918155659e+00 
       2.557635619949e-02       4.213143084299e+00 
       2.570852398403e-02       4.199285438720e+00 
       2.584087244865e-02       4.185373930126e+00 
       2.597340564696e-02       4.171383022431e+00 
       2.610612773662e-02       4.157346188265e+00 
       2.623904298241e-02       4.143244911113e+00 
       2.637215575941e-02       4.129082543586e+00 
       2.650547055630e-02       4.114869678039e+00 
       2.663899197875e-02       4.100595828893e+00 
       2.677272475300e-02       4.086281186473e+00 
       2.690667372948e-02       4.071913425533e+00 
       2.704084388668e-02       4.057487339899e+00 
       2.717524033506e-02       4.043028460023e+00 
       2.730986832117e-02       4.028529084963e+00 
       2.744473323193e-02       4.013981659249e+00 
       2.757984059904e-02       3.999381383969e+00 
       2.771519610360e-02       3.984757729825e+00 
       2.785080558089e-02       3.970099987962e+00 
       2.798667502534e-02       3.955394168418e+00 
       2.812281059571e-02       3.940665513765e+00 
       2.825921862046e-02       3.925899996238e+00 
       2.839590560337e-02       3.911112326353e+00 
       2.853287822937e-02       3.896288951505e+00 
       2.867014337060e-02       3.881442212715e+00 
       2.880770809274e-02       3.866561861404e+00 
       2.894557966159e-02       3.851661670528e+00 
       2.908376554997e-02       3.836751208225e+00 
       2.922227344485e-02       3.821809822963e+00 
       2.936111125486e-02       3.806849998663e+00 
       2.950028711803e-02       3.791875528129e+00 
       2.963980940998e-02       3.776876907669e+00 
       2.977968675242e-02       3.761863224841e+00 
       2.991992802197e-02       3.746839888728e+00 
       3.006054235952e-02       3.731807253965e+00 
       3.020153917986e-02       3.716756535075e+00 
       3.034292818185e-02       3.701699472915e+00 
       3.048471935906e-02       3.686628451594e+00 
       3.062692301082e-02       3.671552916246e+00 
       3.076954975391e-02       3.656478345527e+00 
       3.091261053472e-02       3.641393606447e+00 
       3.105611664203e-02       3.626300947851e+00 
       3.120007972039e-02       3.611206879327e+00 
       3.134451178417e-02       3.596094994409e+00 
       3.148942523232e-02       3.580998587086e+00 
       3.163483286384e-02       3.565900438190e+00 
       3.178074789403e-02       3.550803666164e+00 
       3.192718397158e-02       3.535703164964e+00 
       3.207415519655e-02       3.520602227104e+00 
       3.222167613928e-02       3.505509331638e+00 
       3.236976186026e-02       3.490411948189e+00 
       3.251842793110e-02       3.475341030515e+00 
       3.266769045662e-02       3.460235206597e+00 
       3.281756609808e-02       3.445181857781e+00 
       3.296807209781e-02       3.430104575628e+00 
       3.311922630503e-02       3.415028547020e+00 
       3.327104720329e-02       3.399981032485e+00 
       3.342355393934e-02       3.384933921156e+00 
       3.357676635374e-02       3.369895440510e+00 
       3.373070501315e-02       3.354865932427e+00 
       3.388539124463e-02       3.339846422529e+00 
       3.404084717188e-02       3.324834884504e+00 
       3.419709575366e-02       3.309831558910e+00 
       3.435416082463e-02       3.294850563650e+00 
       3.451206713858e-02       3.279876619058e+00 
       3.467084041444e-02       3.264905731135e+00 
       3.483050738512e-02       3.249937908197e+00 
       3.499109584951e-02       3.234985841059e+00 
       3.515263472782e-02       3.220067896361e+00 
       3.531515412053e-02       3.205147013877e+00 
       3.547868537122e-02       3.190235256133e+00 
       3.564326113364e-02       3.175337987640e+00 
       3.580891544335e-02       3.160453141639e+00 
       3.597568379423e-02       3.145575556882e+00 
       3.614360322038e-02       3.130724823826e+00 
       3.631271238380e-02       3.115868395593e+00 
       3.648305166828e-02       3.101024478763e+00 
       3.665466328025e-02       3.086206466453e+00 
       3.682759135694e-02       3.071397962902e+00 
       3.700188208264e-02       3.056592837298e+00 
       3.717758381384e-02       3.041802864497e+00 
       3.735474721393e-02       3.027021039210e+00 
       3.753342539844e-02       3.012234106288e+00 
       3.771367409180e-02       2.997469491309e+00 
       3.789555179669e-02       2.982719476675e+00 
       3.807911997726e-02       2.967966893160e+00 
       3.826444325751e-02       2.953232385387e+00 
       3.845158963647e-02       2.938499030049e+00 
       3.864063072175e-02       2.923772825293e+00 
       3.883164198345e-02       2.909049060858e+00 
       3.902470303062e-02       2.894326097211e+00 
       3.921989791253e-02       2.879608488342e+00 
       3.941731544758e-02       2.864890358845e+00 
       3.961704958289e-02       2.850172126165e+00 
       3.981919978798e-02       2.835457851853e+00 
       4.002387148648e-02       2.820742247800e+00 
       4.023117653032e-02       2.806019647778e+00 
       4.044123372141e-02       2.791289514262e+00 
       4.065416938658e-02       2.776555126825e+00 
       4.087011801240e-02       2.761813554717e+00 
       4.108922294733e-02       2.747061807899e+00 
       4.131163717982e-02       2.732288023306e+00 
       4.153752420241e-02       2.717506912689e+00 
       4.176705897322e-02       2.702713341119e+00 
       4.200042898802e-02       2.687887763160e+00 
       4.223783547839e-02       2.673055826833e+00 
       4.247949475379e-02       2.658191026964e+00 
       4.272563970839e-02       2.643297077589e+00 
       4.297652151713e-02       2.628374053083e+00 
       4.323241154967e-02       2.613406222015e+00 
       4.349360353592e-02       2.598413270027e+00 
       4.376041602319e-02       2.583368848844e+00 
       4.403319517213e-02       2.568281031579e+00 
       4.431231794788e-02       2.553142431431e+00 
       4.459819577357e-02       2.537942868073e+00 
       4.489127872701e-02       2.522685084541e+00 
       4.519206037738e-02       2.507348876429e+00 
       4.550108337953e-02       2.491948347501e+00 
       4.581894596815e-02       2.476469184283e+00 
       4.614630952536e-02       2.460888990255e+00 
       4.648390743429e-02       2.445198191133e+00 
       4.683255547970e-02       2.429416940760e+00 
       4.719316411816e-02       2.413504460281e+00 
       4.756675301773e-02       2.397467263910e+00 
       4.795446836503e-02       2.381301338144e+00 
       4.835760356241e-02       2.364978281862e+00 
       4.877762409663e-02       2.348464011696e+00 
       4.921619756285e-02       2.331750189306e+00 
       4.967523008562e-02       2.314794172173e+00 
       5.015691070604e-02       2.297605550049e+00 
       5.066376571717e-02       2.280131670623e+00 
       5.119872544391e-02       2.262323186967e+00 
       5.176520658853e-02       2.244161848871e+00 
       5.236721399178e-02       2.225575526417e+00 
       5.300946644312e-02       2.206491681554e+00 
       5.369755187007e-02       2.186823848818e+00 
       5.443811751592e-02       2.166467583231e+00 
       5.523909986870e-02       2.145278367949e+00 
       5.610999570581e-02       2.123066468038e+00 
       5.706216694303e-02       2.099579495708e+00 
       5.810915312358e-02       2.074502856366e+00 
       5.926692834861e-02       2.047370112746e+00 
       6.055397337690e-02       2.017590845037e+00 
       6.199093019779e-02       1.984355537004e+00 
       6.359947941573e-02       1.946607523101e+00 
       6.540001143586e-02       1.903056919524e+00 
       6.740785584535e-02       1.852251364207e+00 
       6.962856954584e-02       1.792833238809e+00 
       7.205402576627e-02       1.723961540732e+00 
       7.466181558845e-02       1.645817862494e+00 
       7.741925945704e-02       1.559906271466e+00 
       8.029037151845e-02       1.468988346303e+00 
       8.324228136121e-02       1.376611412211e+00 
       8.624873568324e-02       1.286482017829e+00 
       8.929066763551e-02       1.201896034685e+00 
       9.235510012400e-02       1.125363646084e+00 
       9.543357075755e-02       1.058429809521e+00 
       9.852071039889e-02       1.001691479232e+00 
       1.016131705669e-01       9.548790324137e-01 
       1.047088850236e-01       9.170512448101e-01 
       1.078065869652e-01       8.867502876830e-01 
       1.109055026927e-01       8.621952722254e-01 
       1.140051606950e-01       8.414564339687e-01 
       1.171052739291e-01       8.226217805675e-01 
       1.202056676986e-01       8.039735818411e-01 
       1.233062356398e-01       7.841122406131e-01 
       1.264069129232e-01       7.620864595071e-01 
       1.295076599588e-01       7.374410623924e-01 
       1.326084524970e-01       7.102114238257e-01 
       1.357092756157e-01       6.808617722823e-01 
       1.388101200703e-01       6.501716573312e-01 
       1.419109800763e-01       6.190967734159e-01 
       1.450118519627e-01       5.886358758880e-01 
       1.481127333536e-01       5.597040385773e-01 
       1.512136226708e-01       5.330568050468e-01 
       1.543145188302e-01       5.092129357470e-01 
       1.574154210577e-01       4.884281796542e-01 
       1.605163287752e-01       4.707364451631e-01 
       1.636172415321e-01       4.559407089913e-01 
       1.667181589622e-01       4.436735629071e-01 
       1.698190807569e-01       4.334134543504e-01 
       1.729200066488e-01       4.246121350600e-01 
       1.760209364009e-01       4.166885905680e-01 
       1.791218697997e-01       4.091550778672e-01 
       1.822228066506e-01       4.014234073511e-01 
       1.853237467746e-01       3.930930719811e-01 
       1.884246900064e-01       3.839193287143e-01 
       1.915256361923e-01       3.738185373891e-01 
       1.946265851889e-01       3.628634926277e-01 
       1.977275368625e-01       3.512524755905e-01 
       2.008284910877e-01       3.392724015746e-01 
       2.039294477471e-01       3.272398141064e-01 
       2.070304067303e-01       3.154675195338e-01 
       2.101313679336e-01       3.042213516888e-01 
       2.132323312595e-01       2.937188026091e-01 
       2.163332966159e-01       2.841078588050e-01 
       2.194342639162e-01       2.754733217840e-01 
       2.225352330786e-01       2.678338112884e-01 
       2.256362040257e-01       2.611422229325e-01 
       2.287371766844e-01       2.552962045155e-01 
       2.318381509857e-01       2.501419165288e-01 
       2.349391268640e-01       2.454983156380e-01 
       2.380401042573e-01       2.411699850855e-01 
       2.411410831068e-01       2.369741053105e-01 
       2.442420633567e-01       2.327573413179e-01 
       2.473430449540e-01       2.284017383748e-01 
       2.504440278483e-01       2.238348380964e-01 
       2.535450119918e-01       2.190246001991e-01 
       2.566459973389e-01       2.139783999488e-01 
       2.597469838462e-01       2.087368747251e-01 
       2.628479714724e-01       2.033705864046e-01 
       2.659489601782e-01       1.979702884531e-01 
       2.690499499260e-01       1.926366148811e-01 
       2.721509406800e-01       1.874681476352e-01 
       2.752519324060e-01       1.825499443055e-01 
       2.783529250714e-01       1.779434788878e-01 
       2.814539186449e-01       1.736815815398e-01 
       2.845549130966e-01       1.697736355622e-01 
       2.876559083981e-01       1.662005303712e-01 
       2.907569045219e-01       1.629294691808e-01 
       2.938579014420e-01       1.599114586032e-01 
       2.969588991332e-01       1.570950677223e-01 
       3.000598975715e-01       1.544242847945e-01 
       3.031608967339e-01       1.518416886528e-01 
       3.062618965982e-01       1.492956957602e-01 
       3.093628971433e-01       1.467422068763e-01 
       3.124638983487e-01       1.441495785339e-01 
       3.155649001950e-01       1.415018282556e-01 
       3.186659026633e-01       1.387978100613e-01 
       3.217669057355e-01       1.360512226850e-01 
       3.248679093943e-01       1.332833706409e-01 
       3.279689136230e-01       1.305218269781e-01 
       3.310699184054e-01       1.277943001903e-01 
       3.341709237261e-01       1.251271905643e-01 
       3.372719295702e-01       1.225441706023e-01 
       3.403729359232e-01       1.200651101346e-01 
       3.434739427715e-01       1.177047111900e-01 
       3.465749501015e-01       1.154715497840e-01 
       3.496759579004e-01       1.133666515864e-01 
       3.527769661558e-01       1.113830190567e-01 
       3.558779748558e-01       1.095065731675e-01 
       3.589789839887e-01       1.077189946737e-01 
       3.620799935433e-01       1.059989475112e-01 
       3.651810035090e-01       1.043279327008e-01 
       3.682820138752e-01       1.026893405728e-01 
       3.713830246319e-01       1.010706859852e-01 
       3.744840357693e-01       9.946277253152e-02 
       3.775850472781e-01       9.785955384216e-02 
       3.806860591491e-01       9.625810964965e-02 
       3.837870713735e-01       9.465777190259e-02 
       3.868880839427e-01       9.306207415872e-02 
       3.899890968486e-01       9.147673494848e-02 
       3.930901100830e-01       8.991019358099e-02 
       3.961911236384e-01       8.837164012701e-02 
       3.992921375071e-01       8.686941702402e-02 
       4.023931516818e-01       8.540971289412e-02 
       4.054941661557e-01       8.399649851366e-02 
       4.085951809217e-01       8.263111377444e-02 
       4.116961959733e-01       8.131335879827e-02 
       4.147972113040e-01       8.004196071794e-02 
       4.178982269077e-01       7.881528774031e-02 
       4.209992427782e-01       7.763067445806e-02 
       4.241002589097e-01       7.648422213373e-02 
       4.272012752965e-01       7.537073828011e-02 
       4.303022919330e-01       7.428456865803e-02 
       4.334033088139e-01       7.321960372210e-02 
       4.365043259339e-01       7.217067779037e-02 
       4.396053432879e-01       7.113420514502e-02 
       4.427063608711e-01       7.010832568789e-02 
       4.458073786786e-01       6.909265259708e-02 
       4.489083967058e-01       6.808755376313e-02 
       4.520094149481e-01       6.709385917698e-02 
       4.551104334010e-01       6.611249625058e-02 
       4.582114520605e-01       6.514472735420e-02 
       4.613124709221e-01       6.419233404655e-02 
       4.644134899819e-01       6.325770363864e-02 
       4.675145092360e-01       6.234342630057e-02 
       4.706155286804e-01       6.145186264562e-02 
       4.737165483114e-01       6.058454146148e-02 
       4.768175681254e-01       5.974159000458e-02 
       4.799185881188e-01       5.892198700263e-02 
       4.830196082881e-01       5.812392839675e-02 
       4.861206286300e-01       5.734534224841e-02 
       4.892216491411e-01       5.658427452727e-02 
       4.923226698183e-01       5.583912523976e-02 
       4.954236906585e-01       5.510852575979e-02 
       4.985247116585e-01       5.439096656447e-02 
       5.016257328155e-01       5.368495216620e-02 
       5.047267541264e-01       5.298890538947e-02 
       5.078277755885e-01       5.230160317998e-02 
       5.109287971991e-01       5.162253654390e-02 
       5.140298189553e-01       5.095174378816e-02 
       5.171308408547e-01       5.029023979407e-02 
       5.202318628946e-01       4.963902943044e-02 
       5.233328850725e-01       4.899892910085e-02 
       5.264339073859e-01       4.837056641356e-02 
       5.295349298326e-01       4.775389907492e-02 
       5.326359524101e-01       4.714880931077e-02 
       5.357369751162e-01       4.655527334521e-02 
       5.388379979486e-01       4.597311373076e-02 
       5.419390209052e-01       4.540265309107e-02 
       5.450400439839e-01       4.484398896500e-02 
       5.481410671825e-01       4.429692787553e-02 
       5.512420904991e-01       4.376081296165e-02 
       5.543431139316e-01       4.323472059115e-02 
       5.574441374781e-01       4.271766322850e-02 
       5.605451611368e-01       4.220889679939e-02 
       5.636461849057e-01       4.170793706387e-02 
       5.667472087831e-01       4.121475929509e-02 
       5.698482327671e-01       4.072924551785e-02 
       5.729492568561e-01       4.025127990145e-02 
       5.760502810483e-01       3.978055384768e-02 
       5.791513053420e-01       3.931662501170e-02 
       5.822523297358e-01       3.885911445746e-02 
       5.853533542278e-01       3.840794662170e-02 
       5.884543788167e-01       3.796328754720e-02 
       5.915554035008e-01       3.752555362364e-02 
       5.946564282787e-01       3.709512727109e-02 
       5.977574531490e-01       3.667223518865e-02 
       6.008584781101e-01       3.625674056441e-02 
       6.039595031606e-01       3.584830881140e-02 
       6.070605282993e-01       3.544658915215e-02 
       6.101615535247e-01       3.505130465531e-02 
       6.132625788356e-01       3.466236062829e-02 
       6.163636042306e-01       3.427983273246e-02 
       6.194646297084e-01       3.390370178143e-02 
       6.225656552679e-01       3.353380209442e-02 
       6.256666809078e-01       3.316979262545e-02 
       6.287677066270e-01       3.281116849669e-02 
       6.318687324242e-01       3.245750774205e-02 
       6.349697582983e-01       3.210860105045e-02 
       6.380707842481e-01       3.176443258837e-02 
       6.411718102727e-01       3.142516983320e-02 
       6.442728363709e-01       3.109093646229e-02 
       6.473738625416e-01       3.076175053769e-02 
       6.504748887838e-01       3.043744222784e-02 
       6.535759150964e-01       3.011777141265e-02 
       6.566769414786e-01       2.980252110057e-02 
       6.597779679293e-01       2.949157801950e-02 
       6.628789944474e-01       2.918502545484e-02 
       6.659800210322e-01       2.888306501548e-02 
       6.690810476827e-01       2.858576368840e-02 
       6.721820743978e-01       2.829319724540e-02 
       6.752831011769e-01       2.800507553437e-02 
       6.783841280189e-01       2.772112562051e-02 
       6.814851549230e-01       2.744109674116e-02 
       6.845861818884e-01       2.716484274112e-02 
       6.876872089143e-01       2.689237921874e-02 
       6.907882359997e-01       2.662377005713e-02 
       6.938892631440e-01       2.635905245871e-02 
       6.969902903463e-01       2.609821174362e-02 
       7.000913176059e-01       2.584108889500e-02 
       7.031923449220e-01       2.558727814550e-02 
       7.062933722939e-01       2.533657846906e-02 
       7.093943997207e-01       2.508910226338e-02 
       7.124954272019e-01       2.484480946398e-02 
       7.155964547367e-01       2.460386225443e-02 
       7.186974823243e-01       2.436633484193e-02 
       7.217985099642e-01       2.413220273612e-02 
       7.248995376556e-01       2.390127938060e-02 
       7.280005653980e-01       2.367336712478e-02 
       7.464455758911e-01       2.237768269612e-02 
       7.651667369904e-01       2.116244896663e-02 
       7.841776807609e-01       2.002060127838e-02 
       8.034934157474e-01       1.894627911502e-02 
       8.231301148749e-01       1.793484230802e-02 
       8.431049009566e-01       1.698137914727e-02 
       8.634356369493e-01       1.608201822027e-02 
       8.841407269858e-01       1.523320853838e-02 
       9.052389330669e-01       1.443126550030e-02 
       9.267492111720e-01       1.367289906182e-02 
       9.486905694695e-01       1.295536264497e-02 
       9.710819503027e-01       1.227595211209e-02 
       9.939421366890e-01       1.163241527809e-02 
       1.017289683224e+00       1.102265024136e-02 
       1.041142870509e+00       1.044463766956e-02 
       1.065519681575e+00       9.896601019194e-03 
       1.090437798200e+00       9.376898747687e-03 
       1.115914614608e+00       8.883998155272e-03 
       1.141967265759e+00       8.416505973402e-03 
       1.168612667242e+00       7.973016581179e-03 
       1.195867563839e+00       7.552289256517e-03 
       1.223748583886e+00       7.153160787775e-03 
       1.252272296823e+00       6.774391892462e-03 
       1.281455271632e+00       6.415140467335e-03 
       1.311314134255e+00       6.074424420305e-03 
       1.341865622465e+00       5.751299408368e-03 
       1.373126637132e+00       5.444793631180e-03 
       1.405114289159e+00       5.154162778469e-03 
       1.437845941780e+00       4.878660953923e-03 
       1.471339248146e+00       4.617357692079e-03 
       1.505612184415e+00       4.369646106937e-03 
       1.540683078698e+00       4.134920650041e-03 
       1.576570636332e+00       3.912345775040e-03 
       1.613293962009e+00       3.701499848516e-03 
       1.650872579296e+00       3.501648928889e-03 
       1.689326448072e+00       3.312342989475e-03 
       1.728675980336e+00       3.132954552498e-03 
       1.768942054827e+00       2.963022069224e-03 
       1.810146030777e+00       2.802098403598e-03 
       1.852309761107e+00       2.649662013696e-03 
       1.895455605294e+00       2.505305401117e-03 
       1.939606442072e+00       2.368627116180e-03 
       1.984785682127e+00       2.239217866305e-03 
       2.031017280857e+00       2.116706431234e-03 
       2.078325751307e+00       2.000730214599e-03 
       2.126736177300e+00       1.890974156345e-03 
       2.176274226817e+00       1.787070470825e-03 
       2.226966165660e+00       1.688746131683e-03 
       2.278838871403e+00       1.595714698117e-03 
       2.331919847661e+00       1.507675328507e-03 
       2.386237238680e+00       1.424396508851e-03 
       2.441819844264e+00       1.345621833788e-03 
       2.498697135050e+00       1.271099307732e-03 
       2.556899268129e+00       1.200616662187e-03 
       2.616457103044e+00       1.133959000412e-03 
       2.677402218149e+00       1.070920882604e-03 
       2.739766927348e+00       1.011327006364e-03 
       2.803584297238e+00       9.549553163794e-04 
       2.868888164632e+00       9.016770332262e-04 
       2.935713154505e+00       8.513118044392e-04 
       3.004094698352e+00       8.037004170116e-04 
       3.074069052971e+00       7.586963894356e-04 
       3.145673319693e+00       7.161616020697e-04 
       3.218945464046e+00       6.759665114128e-04 
       3.293924335892e+00       6.379907840195e-04 
       3.370649690021e+00       6.021061892898e-04 
       3.449162207232e+00       5.682025978109e-04 
       3.529503515900e+00       5.361665148705e-04 
       3.611716214051e+00       5.059077171994e-04 
       3.695843891945e+00       4.773252619042e-04 
       3.781931155191e+00       4.503289500491e-04 
       3.870023648395e+00       4.248321505661e-04 
       3.960168079364e+00       4.007522428484e-04 
       4.052412243867e+00       3.780140361993e-04 
       4.146805050982e+00       3.565431194660e-04 
       4.243396549024e+00       3.362716049419e-04 
       4.342237952085e+00       3.171333122785e-04 
       4.443381667184e+00       2.990646167569e-04 
       4.546881322058e+00       2.820098598849e-04 
       4.652791793594e+00       2.659111507662e-04 
       4.761169236926e+00       2.507158218839e-04 
       4.872071115209e+00       2.363749101216e-04 
       4.985556230087e+00       2.228395363062e-04 
       5.101684752870e+00       2.100688126099e-04 
       5.220518256437e+00       1.980177510395e-04 
       5.342119747886e+00       1.866471481925e-04 
       5.466553701937e+00       1.759191308444e-04 
       5.593886095118e+00       1.657974975191e-04 
       5.724184440751e+00       1.562499424859e-04 
       5.857517824743e+00       1.472433026552e-04 
       5.993956942219e+00       1.387483572662e-04 
       6.133574135006e+00       1.307349913833e-04 
       6.276443429986e+00       1.231780256172e-04 
       6.422640578351e+00       1.160520102763e-04 
       6.572243095764e+00       1.093315999718e-04 
       6.725330303461e+00       1.029940340816e-04 
       6.881983370305e+00       9.701822916277e-05 
       7.042285355826e+00       9.138423385319e-05 
       7.206321254258e+00       8.607298023265e-05 
       7.374178039606e+00       8.106518322406e-05 
       7.545944711760e+00       7.634464217489e-05 
       7.721712343682e+00       7.189534847158e-05 
       7.901574129697e+00       6.770015313412e-05 
       8.085625434906e+00       6.374724572926e-05 
       8.273963845747e+00       6.002088383735e-05 
       8.466689221737e+00       5.650995154556e-05 
       8.663903748422e+00       5.319984957152e-05 
       8.865711991556e+00       5.008244322486e-05 
       9.072220952538e+00       4.714404638407e-05 
       9.283540125155e+00       4.437488932373e-05 
       9.499781553628e+00       4.176662922038e-05 
       9.721059892026e+00       3.930914380381e-05 
       9.947492465052e+00       3.699386446970e-05 
       1.017919933025e+01       3.481284790911e-05 
       1.041630334168e+01       3.275815384278e-05 
       1.065893021501e+01       3.082289008754e-05 
       1.090720859423e+01       2.899983715980e-05 
       1.116127011982e+01       2.728277846410e-05 
       1.142124949856e+01       2.566598197507e-05 
       1.168728457497e+01       2.414310827629e-05 
       1.195951640436e+01       2.270914068979e-05 
       1.223808932764e+01       2.135861458797e-05 
       1.252315104788e+01       2.008704991504e-05 
       1.281485270857e+01       1.888970708174e-05 
       1.311334897379e+01       1.776243273220e-05 
       1.341879811021e+01       1.670097195997e-05 
       1.373136207101e+01       1.570195239810e-05 
       1.405120658174e+01       1.476125162145e-05 
       1.437850122818e+01       1.387571618249e-05 
       1.471341954630e+01       1.304213311107e-05 
       1.505613911421e+01       1.225745302939e-05 
       1.540684164638e+01       1.151890385082e-05 
       1.576571308992e+01       1.082382517107e-05 
       1.613294372322e+01       1.016970093286e-05 
       1.650872825683e+01       9.554100098179e-06 
       1.689326593668e+01       8.974721031152e-06 
       1.728676064974e+01       8.429552277378e-06 
       1.768942103212e+01       7.916580572297e-06 
       1.810146057967e+01       7.433948581870e-06 
       1.852309776122e+01       6.979834769753e-06 
       1.895455613439e+01       6.552525841346e-06 
       1.939606446411e+01       6.150561867592e-06 
       1.984785684395e+01       5.772334775383e-06 
       2.031017282021e+01       5.416702730004e-06 
       2.078325751893e+01       5.082092500546e-06 
       2.126736177589e+01       4.767369682786e-06 
       2.176274226957e+01       4.471368793037e-06 
       2.226966165726e+01       4.192974470343e-06 
       2.278838871434e+01       3.931177686008e-06 
       2.331919847675e+01       3.684957889323e-06 
       2.386237238686e+01       3.453486075038e-06 
       2.441819844267e+01       3.235806489748e-06 
       2.498697135051e+01       3.031135427105e-06 
       2.556899268129e+01       2.838744101097e-06 
       2.616457103045e+01       2.657903708983e-06 
       2.677402218149e+01       2.487862333706e-06 
       2.739766927349e+01       2.328050727713e-06 
       2.803584297238e+01       2.177891907798e-06 
       2.868888164632e+01       2.036750288656e-06 
       2.935713154505e+01       1.904136986338e-06 
       3.004094698352e+01       1.779529864513e-06 
       3.074069052971e+01       1.662460991752e-06 
       3.145673319693e+01       1.552510427804e-06 
       3.218945464046e+01       1.449229565862e-06 
       3.293924335892e+01       1.352216109294e-06 
       3.370649690021e+01       1.261132483128e-06 
       3.449162207232e+01       1.175633963568e-06 
       3.529503515900e+01       1.095363453574e-06 
       3.611716214051e+01       1.020025079254e-06 
       3.695843891945e+01       9.493406749254e-07 
       3.781931155191e+01       8.830108307469e-07 
       3.870023648395e+01       8.207869523896e-07 
       3.960168079364e+01       7.624564647283e-07 
       4.052412243867e+01       7.077531947864e-07 
       4.146805050982e+01       6.564905608891e-07 
       4.243396549024e+01       6.084508165463e-07 
       4.342237952085e+01       5.634578317074e-07 
       4.443381667184e+01       5.213251804760e-07 
       4.546881322058e+01       4.818845480859e-07 
       4.652791793594e+01       4.449779195337e-07 
       4.761169236926e+01       4.104661892884e-07 
       4.872071115209e+01       3.782032390668e-07 
       4.985556230087e+01       3.480565426807e-07 
       5.101684752870e+01       3.199062457239e-07 
       5.220518256437e+01       2.936342958271e-07 
       5.342119747886e+01       2.691383423651e-07 
       5.466553701937e+01       2.463052490616e-07 
       5.593886095118e+01       2.250404025032e-07 
       5.724184440751e+01       2.052573605547e-07 
       5.857517824743e+01       1.868634824650e-07 
       5.993956942219e+01       1.697798178502e-07 
       6.133574135006e+01       1.539364905061e-07 
       6.276443429986e+01       1.392537157339e-07 
       6.422640578351e+01       1.256617368647e-07 
       6.572243095764e+01       1.131114268821e-07 
       6.725330303461e+01       1.015193629739e-07 
       6.881983370305e+01       9.084316500535e-08 
       7.042285355826e+01       8.102492319999e-08 
       7.206321254258e+01       7.201401178724e-08 
       7.374178039606e+01       6.376120640928e-08 
       7.545944711760e+01       5.621972651644e-08 
       7.721712343682e+01       4.934643419642e-08 
       7.901574129697e+01       4.310021623068e-08 
       8.085625434906e+01       3.743934462633e-08 
       8.273963845747e+01       3.232880033008e-08 
       8.466689221737e+01       2.773053544816e-08 
       8.663903748422e+01       2.361104877602e-08 
       8.865711991556e+01       1.993859759140e-08 
       9.072220952538e+01       1.667937619327e-08 
       9.283540125155e+01       1.380599262078e-08 
       9.499781553628e+01       1.128908717332e-08 
       9.721059892026e+01       9.101405282893e-09 
       9.947492465051e+01       7.215840679625e-09 
       1.017919933025e+02       5.608780844478e-09 
       1.041630334168e+02       4.255117399663e-09 
       1.065893021501e+02       3.132380700218e-09 
       1.090720859423e+02       2.219216044271e-09 
       1.116127011982e+02       1.491931313733e-09 
       1.142124949856e+02       9.329622987540e-10 
       1.168728457497e+02       5.225639847442e-10 
       1.195951640436e+02       2.424500364364e-10 
       1.223808932764e+02       7.529420468579e-11 
       1.252315104788e+02       4.742989695271e-12 
       1.281485270857e+02       1.540878446678e-11 
       1.311334897379e+02       9.284777928364e-11 
       1.341879811021e+02       2.235354169651e-10 
       1.373136207101e+02       3.950662794665e-10 
       1.405120658174e+02       5.957928677274e-10 
       1.437850122818e+02       8.152722271918e-10 
       1.471341954630e+02       1.043659516850e-09 
       1.505613911421e+02       1.273495668138e-09 
       1.540684164638e+02       1.496153976039e-09 
       1.576571308992e+02       1.705665920434e-09 
       1.613294372322e+02       1.896778447286e-09 
       1.650872825683e+02       2.064905499712e-09 
       1.689326593668e+02       2.206418994988e-09 
       1.728676064974e+02       2.319066078836e-09 
       1.768942103212e+02       2.401201489989e-09 
       1.810146057967e+02       2.452136474200e-09 
       1.852309776122e+02       2.471520853538e-09 
       1.895455613439e+02       2.460625093770e-09 
       1.939606446411e+02       2.421065249743e-09 
       1.984785684395e+02       2.354510411332e-09 
       2.031017282021e+02       2.263809883099e-09 
