# Matter power spectrum P(k) at redshift z=99
# for k=1.00899e-05 to 203.102 h/Mpc,
# number of wavenumbers equal to 845
#    1:k (h/Mpc)              2:P (Mpc/h)^3        
       1.008985923246e-05       4.868384893248e-03 
       2.251775554681e-05       3.993224240272e-02 
       3.498636120247e-05       4.131468994440e-02 
       4.752690064658e-05       4.678298004370e-02 
       6.017107953230e-05       5.235996343991e-02 
       7.295134796122e-05       6.148011675769e-02 
       8.590117158737e-05       6.929581631017e-02 
       9.905531395762e-05       7.683669411100e-02 
       1.124501334903e-04       8.669985706402e-02 
       1.261238985241e-04       9.661830477124e-02 
       1.401171238832e-04       1.067407444247e-01 
       1.544729323814e-04       1.179906323626e-01 
       1.692374445844e-04       1.285070597826e-01 
       1.844601999316e-04       1.399746334153e-01 
       2.001946119095e-04       1.512303263114e-01 
       2.164984592990e-04       1.635542587503e-01 
       2.334344144703e-04       1.759449850209e-01 
       2.510706081373e-04       1.879855592694e-01 
       2.694812277303e-04       2.012313244626e-01 
       2.887471433953e-04       2.151215904609e-01 
       3.089565513139e-04       2.294840393588e-01 
       3.302056182976e-04       2.445071208998e-01 
       3.525991041420e-04       2.604175593937e-01 
       3.762509287930e-04       2.771415335499e-01 
       4.012846398372e-04       2.948533000392e-01 
       4.278337222871e-04       3.135444359481e-01 
       4.560416775835e-04       3.332960594262e-01 
       4.860617833145e-04       3.543210699625e-01 
       5.180564313506e-04       3.765773919082e-01 
       5.521959330390e-04       4.004337723802e-01 
       5.886566801031e-04       4.256856716060e-01 
       6.276185643138e-04       4.525951595177e-01 
       6.692615934693e-04       4.813016535103e-01 
       7.137617003222e-04       5.117996372519e-01 
       7.612858261435e-04       5.442760437415e-01 
       8.119864671933e-04       5.788133938478e-01 
       8.659959882004e-04       6.154259185867e-01 
       9.234211115549e-04       6.541687724193e-01 
       9.843380583383e-04       6.951318908388e-01 
       1.048788822492e-03       7.382589532712e-01 
       1.116778986862e-03       7.835146509629e-01 
       1.188277341593e-03       8.309025552247e-01 
       1.263217364035e-03       8.802969882150e-01 
       1.341500403710e-03       9.316066504352e-01 
       1.423000229794e-03       9.846807525385e-01 
       1.507568477172e-03       1.039488672730e+00 
       1.595040487038e-03       1.095774273513e+00 
       1.685241074673e-03       1.153414840221e+00 
       1.777989849548e-03       1.212273843947e+00 
       1.873105833077e-03       1.272189899897e+00 
       1.970411240942e-03       1.333003118457e+00 
       2.069734400901e-03       1.394561150594e+00 
       2.170911853969e-03       1.456741305888e+00 
       2.273789735124e-03       1.519412226986e+00 
       2.378224553043e-03       1.582429633798e+00 
       2.484083492891e-03       1.645703728763e+00 
       2.591244358339e-03       1.709108174819e+00 
       2.699595254278e-03       1.772552153851e+00 
       2.809034094327e-03       1.835943394553e+00 
       2.919467999818e-03       1.899201044234e+00 
       3.030812641171e-03       1.962252405006e+00 
       3.142991559080e-03       2.025015262458e+00 
       3.255935491967e-03       2.087433689363e+00 
       3.369581727509e-03       2.149451550613e+00 
       3.483873489548e-03       2.211012038799e+00 
       3.598759366763e-03       2.272065458982e+00 
       3.714192786088e-03       2.332571564452e+00 
       3.830131531369e-03       2.392491133686e+00 
       3.946537306183e-03       2.451782546957e+00 
       4.063375338686e-03       2.510421187689e+00 
       4.180614025754e-03       2.568371177021e+00 
       4.298224613405e-03       2.625611795450e+00 
       4.416180910359e-03       2.682117820430e+00 
       4.534459031676e-03       2.737866989586e+00 
       4.653037169509e-03       2.792844050103e+00 
       4.771895388214e-03       2.847032364846e+00 
       4.891015441268e-03       2.900418224119e+00 
       5.010380607654e-03       2.952989304969e+00 
       5.129975545600e-03       3.004735526661e+00 
       5.249786161774e-03       3.055650327969e+00 
       5.369799494223e-03       3.105726085194e+00 
       5.490003607537e-03       3.154958166772e+00 
       5.610387498875e-03       3.203340971490e+00 
       5.730941013670e-03       3.250875611442e+00 
       5.851654769906e-03       3.297560513935e+00 
       5.972520090068e-03       3.343393398832e+00 
       6.093528939880e-03       3.388376758650e+00 
       6.214673873133e-03       3.432512294432e+00 
       6.335947981903e-03       3.475804966684e+00 
       6.457344851613e-03       3.518255566864e+00 
       6.578858520406e-03       3.559868599013e+00 
       6.700483442374e-03       3.600648685927e+00 
       6.822214454238e-03       3.640604432124e+00 
       6.944046745134e-03       3.679737895406e+00 
       7.065975829162e-03       3.718060702344e+00 
       7.187997520434e-03       3.755580581965e+00 
       7.310107910369e-03       3.792301058351e+00 
       7.432303346994e-03       3.828226908339e+00 
       7.554580416073e-03       3.863372874131e+00 
       7.676935923868e-03       3.897749047307e+00 
       7.799366881390e-03       3.931357283376e+00 
       7.921870489981e-03       3.964204205349e+00 
       8.044444128110e-03       3.996311610092e+00 
       8.167085339271e-03       4.027677056668e+00 
       8.289791820870e-03       4.058314777367e+00 
       8.412561414027e-03       4.088236838871e+00 
       8.535392094189e-03       4.117442055196e+00 
       8.658281962499e-03       4.145948601021e+00 
       8.781229237845e-03       4.173762231853e+00 
       8.904232249532e-03       4.200894232774e+00 
       9.027289430517e-03       4.227351761322e+00 
       9.150399311170e-03       4.253142252544e+00 
       9.273560513504e-03       4.278282521394e+00 
       9.396771745844e-03       4.302771575610e+00 
       9.520031797891e-03       4.326623421406e+00 
       9.643339536152e-03       4.349844461972e+00 
       9.766693899711e-03       4.372440639667e+00 
       9.890093896300e-03       4.394425676168e+00 
       1.001353859866e-02       4.415807820587e+00 
       1.013702714118e-02       4.436596385034e+00 
       1.026055871672e-02       4.456789354786e+00 
       1.038413257374e-02       4.476402599122e+00 
       1.050774801356e-02       4.495444725546e+00 
       1.063140438788e-02       4.513915799168e+00 
       1.075510109639e-02       4.531832430494e+00 
       1.087883758462e-02       4.549198096136e+00 
       1.100261334193e-02       4.566016396434e+00 
       1.112642789957e-02       4.582300039524e+00 
       1.125028082899e-02       4.598049307090e+00 
       1.137417174014e-02       4.613281125469e+00 
       1.149810028000e-02       4.627986521721e+00 
       1.162206613114e-02       4.642187646662e+00 
       1.174606901039e-02       4.655882467411e+00 
       1.187010866765e-02       4.669074298679e+00 
       1.199418488471e-02       4.681779533609e+00 
       1.211829747421e-02       4.693993413947e+00 
       1.224244627863e-02       4.705730209856e+00 
       1.236663116941e-02       4.716990719845e+00 
       1.249085204607e-02       4.727789937735e+00 
       1.261510883545e-02       4.738117923506e+00 
       1.273940149094e-02       4.747995497028e+00 
       1.286372999182e-02       4.757419205738e+00 
       1.298809434267e-02       4.766394894191e+00 
       1.311249457272e-02       4.774930602072e+00 
       1.323693073542e-02       4.783031835865e+00 
       1.336140290784e-02       4.790700546715e+00 
       1.348591119034e-02       4.797951169030e+00 
       1.361045570605e-02       4.804778989732e+00 
       1.373503660061e-02       4.811190842113e+00 
       1.385965404174e-02       4.817196216907e+00 
       1.398430821901e-02       4.822797610038e+00 
       1.410899934352e-02       4.827998182302e+00 
       1.423372764771e-02       4.832809660375e+00 
       1.435849338511e-02       4.837231133639e+00 
       1.448329683018e-02       4.841270419552e+00 
       1.460813827812e-02       4.844930909058e+00 
       1.473301804481e-02       4.848217277669e+00 
       1.485793646664e-02       4.851134390237e+00 
       1.498289390044e-02       4.853690415350e+00 
       1.510789072347e-02       4.855887229545e+00 
       1.523292733332e-02       4.857731328799e+00 
       1.535800414793e-02       4.859224870123e+00 
       1.548312160558e-02       4.860372180242e+00 
       1.560828016494e-02       4.861184562530e+00 
       1.573348030509e-02       4.861654980593e+00 
       1.585872252561e-02       4.861808789175e+00 
       1.598400734663e-02       4.861627833770e+00 
       1.610933530897e-02       4.861128311343e+00 
       1.623470697422e-02       4.860310861127e+00 
       1.636012292492e-02       4.859190560230e+00 
       1.648558376469e-02       4.857753073600e+00 
       1.661109011841e-02       4.856015114189e+00 
       1.673664263240e-02       4.853982077163e+00 
       1.686224197463e-02       4.851653413030e+00 
       1.698788883495e-02       4.849032315636e+00 
       1.711358392534e-02       4.846135713769e+00 
       1.723932798012e-02       4.842943915428e+00 
       1.736512175629e-02       4.839498968361e+00 
       1.749096603375e-02       4.835764674552e+00 
       1.761686161566e-02       4.831770765172e+00 
       1.774280932873e-02       4.827501912239e+00 
       1.786881002356e-02       4.822984033827e+00 
       1.799486457501e-02       4.818210105420e+00 
       1.812097388257e-02       4.813182464087e+00 
       1.824713887072e-02       4.807911101085e+00 
       1.837336048938e-02       4.802392014177e+00 
       1.849963971429e-02       4.796634721174e+00 
       1.862597754748e-02       4.790641044952e+00 
       1.875237501771e-02       4.784417980411e+00 
       1.887883318094e-02       4.777957493448e+00 
       1.900535312085e-02       4.771294504222e+00 
       1.913193594933e-02       4.764394310629e+00 
       1.925858280700e-02       4.757288209194e+00 
       1.938529486380e-02       4.749964119604e+00 
       1.951207331950e-02       4.742426371812e+00 
       1.963891940434e-02       4.734688859789e+00 
       1.976583437961e-02       4.726746799156e+00 
       1.989281953829e-02       4.718610618661e+00 
       2.001987620571e-02       4.710277261618e+00 
       2.014700574018e-02       4.701757197728e+00 
       2.027420953374e-02       4.693033394239e+00 
       2.040148901283e-02       4.684149244224e+00 
       2.052884563906e-02       4.675070631681e+00 
       2.065628090997e-02       4.665814904362e+00 
       2.078379635978e-02       4.656377809575e+00 
       2.091139356027e-02       4.646787023532e+00 
       2.103907412157e-02       4.637015955987e+00 
       2.116683969302e-02       4.627088371358e+00 
       2.129469196411e-02       4.616998810457e+00 
       2.142263266535e-02       4.606750564014e+00 
       2.155066356926e-02       4.596348138431e+00 
       2.167878649131e-02       4.585789913217e+00 
       2.180700329099e-02       4.575077525017e+00 
       2.193531587278e-02       4.564229018910e+00 
       2.206372618728e-02       4.553240325149e+00 
       2.219223623229e-02       4.542102933618e+00 
       2.232084805397e-02       4.530843972500e+00 
       2.244956374803e-02       4.519436821858e+00 
       2.257838546090e-02       4.507905626727e+00 
       2.270731539105e-02       4.496247341043e+00 
       2.283635579024e-02       4.484460541099e+00 
       2.296550896486e-02       4.472555237177e+00 
       2.309477727734e-02       4.460535110336e+00 
       2.322416314755e-02       4.448395552798e+00 
       2.335366905427e-02       4.436139496270e+00 
       2.348329753672e-02       4.423776851040e+00 
       2.361305119611e-02       4.411307351292e+00 
       2.374293269725e-02       4.398730534146e+00 
       2.387294477028e-02       4.386052135340e+00 
       2.400309021230e-02       4.373273815855e+00 
       2.413337188923e-02       4.360394697384e+00 
       2.426379273761e-02       4.347426226724e+00 
       2.439435576651e-02       4.334364124078e+00 
       2.452506405949e-02       4.321212316898e+00 
       2.465592077667e-02       4.307973078421e+00 
       2.478692915676e-02       4.294649774332e+00 
       2.491809251927e-02       4.281242480177e+00 
       2.504941426679e-02       4.267755994246e+00 
       2.518089788722e-02       4.254193942205e+00 
       2.531254695627e-02       4.240561590496e+00 
       2.544436513988e-02       4.226843859721e+00 
       2.557635619681e-02       4.213063464295e+00 
       2.570852398133e-02       4.199212144556e+00 
       2.584087244594e-02       4.185293955534e+00 
       2.597340564424e-02       4.171315669105e+00 
       2.610612773389e-02       4.157274093327e+00 
       2.623904297966e-02       4.143171248526e+00 
       2.637215575665e-02       4.129012251223e+00 
       2.650547055353e-02       4.114798138468e+00 
       2.663899197597e-02       4.100528696053e+00 
       2.677272475021e-02       4.086209987395e+00 
       2.690667372668e-02       4.071842884668e+00 
       2.704084388387e-02       4.057423255749e+00 
       2.717524033223e-02       4.042960517856e+00 
       2.730986831833e-02       4.028454834696e+00 
       2.744473322907e-02       4.013906213041e+00 
       2.757984059617e-02       3.999319037173e+00 
       2.771519610072e-02       3.984691016002e+00 
       2.785080557800e-02       3.970027418165e+00 
       2.798667502244e-02       3.955329228074e+00 
       2.812281059279e-02       3.940597794517e+00 
       2.825921861753e-02       3.925834471559e+00 
       2.839590560043e-02       3.911041060007e+00 
       2.853287822642e-02       3.896219593316e+00 
       2.867014336763e-02       3.881371172242e+00 
       2.880770808975e-02       3.866498121995e+00 
       2.894557965859e-02       3.851600740918e+00 
       2.908376554696e-02       3.836680984164e+00 
       2.922227344183e-02       3.821741556235e+00 
       2.936111125182e-02       3.806782489601e+00 
       2.950028711498e-02       3.791803406448e+00 
       2.963980940692e-02       3.776809622897e+00 
       2.977968674934e-02       3.761799991457e+00 
       2.991992801888e-02       3.746776579528e+00 
       3.006054235642e-02       3.731741665634e+00 
       3.020153917674e-02       3.716692268979e+00 
       3.034292817872e-02       3.701635274948e+00 
       3.048471935591e-02       3.686568475288e+00 
       3.062692300766e-02       3.671494889315e+00 
       3.076954975073e-02       3.656412374636e+00 
       3.091261053153e-02       3.641325982590e+00 
       3.105611663883e-02       3.626232786545e+00 
       3.120007971717e-02       3.611137007015e+00 
       3.134451178094e-02       3.596039927484e+00 
       3.148942522908e-02       3.580940017799e+00 
       3.163483286058e-02       3.565838714756e+00 
       3.178074789075e-02       3.550738587419e+00 
       3.192718396829e-02       3.535639824808e+00 
       3.207415519325e-02       3.520542794790e+00 
       3.222167613596e-02       3.505447447871e+00 
       3.236976185693e-02       3.490355801892e+00 
       3.251842792776e-02       3.475269670733e+00 
       3.266769045326e-02       3.460187331087e+00 
       3.281756609471e-02       3.445112007287e+00 
       3.296807209441e-02       3.430042142665e+00 
       3.311922630162e-02       3.414978260805e+00 
       3.327104719986e-02       3.399924523621e+00 
       3.342355393590e-02       3.384876798972e+00 
       3.357676635028e-02       3.369838271649e+00 
       3.373070500968e-02       3.354806653000e+00 
       3.388539124115e-02       3.339786628832e+00 
       3.404084716838e-02       3.324775028185e+00 
       3.419709575014e-02       3.309775795069e+00 
       3.435416082110e-02       3.294786033498e+00 
       3.451206713503e-02       3.279808161112e+00 
       3.467084041087e-02       3.264841576850e+00 
       3.483050738153e-02       3.249884415017e+00 
       3.499109584590e-02       3.234939160280e+00 
       3.515263472420e-02       3.220008306042e+00 
       3.531515411689e-02       3.205087353898e+00 
       3.547868536756e-02       3.190179718472e+00 
       3.564326112997e-02       3.175282101393e+00 
       3.580891543966e-02       3.160397637241e+00 
       3.597568379052e-02       3.145526930005e+00 
       3.614360321665e-02       3.130666209443e+00 
       3.631271238005e-02       3.115816526549e+00 
       3.648305166451e-02       3.100980390239e+00 
       3.665466327647e-02       3.086154349651e+00 
       3.682759135313e-02       3.071342306067e+00 
       3.700188207881e-02       3.056537517538e+00 
       3.717758380999e-02       3.041744341553e+00 
       3.735474721006e-02       3.026961243780e+00 
       3.753342539455e-02       3.012189331589e+00 
       3.771367408789e-02       2.997423925090e+00 
       3.789555179276e-02       2.982667949272e+00 
       3.807911997330e-02       2.967920873325e+00 
       3.826444325354e-02       2.953180522158e+00 
       3.845158963247e-02       2.938446575532e+00 
       3.864063071773e-02       2.923717315907e+00 
       3.883164197941e-02       2.908994082954e+00 
       3.902470302655e-02       2.894273528840e+00 
       3.921989790844e-02       2.879556530383e+00 
       3.941731544346e-02       2.864839966288e+00 
       3.961704957874e-02       2.850123576528e+00 
       3.981919978381e-02       2.835408945514e+00 
       4.002387148228e-02       2.820690035488e+00 
       4.023117652610e-02       2.805967748245e+00 
       4.044123371716e-02       2.791240570784e+00 
       4.065416938230e-02       2.776505491817e+00 
       4.087011800810e-02       2.761763489822e+00 
       4.108922294299e-02       2.747010399570e+00 
       4.131163717545e-02       2.732244780397e+00 
       4.153752419801e-02       2.717463087714e+00 
       4.176705896879e-02       2.702666491852e+00 
       4.200042898355e-02       2.687847843115e+00 
       4.223783547389e-02       2.673006445889e+00 
       4.247949474925e-02       2.658144009533e+00 
       4.272563970381e-02       2.643250528454e+00 
       4.297652151252e-02       2.628324062692e+00 
       4.323241154501e-02       2.613363937412e+00 
       4.349360353122e-02       2.598366695150e+00 
       4.376041601845e-02       2.583324647322e+00 
       4.403319516735e-02       2.568235538512e+00 
       4.431231794305e-02       2.553094729185e+00 
       4.459819576870e-02       2.537898926279e+00 
       4.489127872208e-02       2.522639522329e+00 
       4.519206037240e-02       2.507309809297e+00 
       4.550108337449e-02       2.491902129454e+00 
       4.581894596305e-02       2.476416833612e+00 
       4.614630952020e-02       2.460838111533e+00 
       4.648390742907e-02       2.445157894130e+00 
       4.683255547441e-02       2.429369762151e+00 
       4.719316411280e-02       2.413465996800e+00 
       4.756675301229e-02       2.397434556681e+00 
       4.795446835950e-02       2.381260816080e+00 
       4.835760355679e-02       2.364941921712e+00 
       4.877762409092e-02       2.348422272798e+00 
       4.921619755703e-02       2.331691190083e+00 
       4.967523007970e-02       2.314743039790e+00 
       5.015691069999e-02       2.297537345446e+00 
       5.066376571099e-02       2.280053739604e+00 
       5.119872543759e-02       2.262244829779e+00 
       5.176520658204e-02       2.244069655923e+00 
       5.236721398511e-02       2.225472669666e+00 
       5.300946643626e-02       2.206379654074e+00 
       5.369755186298e-02       2.186706572727e+00 
       5.443811750858e-02       2.166342065877e+00 
       5.523909986108e-02       2.145141819363e+00 
       5.610999569786e-02       2.122921318826e+00 
       5.706216693470e-02       2.099432076008e+00 
       5.810915311482e-02       2.074341971779e+00 
       5.926692833934e-02       2.047204255134e+00 
       6.055397336706e-02       2.017418592955e+00 
       6.199093018729e-02       1.984169759273e+00 
       6.359947940448e-02       1.946419743061e+00 
       6.540001142378e-02       1.902859341789e+00 
       6.740785583239e-02       1.852039322533e+00 
       6.962856953198e-02       1.792598657301e+00 
       7.205402575154e-02       1.723696273959e+00 
       7.466181557294e-02       1.645510658133e+00 
       7.741925944084e-02       1.559554235988e+00 
       8.029037150168e-02       1.468595108645e+00 
       8.324228134396e-02       1.376189860593e+00 
       8.624873566558e-02       1.286052890193e+00 
       8.929066761749e-02       1.201482779797e+00 
       9.235510010565e-02       1.124984316594e+00 
       9.543357073890e-02       1.058102655630e+00 
       9.852071037994e-02       1.001424207614e+00 
       1.016131705477e-01       9.546823741197e-01 
       1.047088850041e-01       9.169230309161e-01 
       1.078065869454e-01       8.866856649838e-01 
       1.109055026726e-01       8.621837108048e-01 
       1.140051606747e-01       8.414844846573e-01 
       1.171052739085e-01       8.226778209177e-01 
       1.202056676777e-01       8.040427365252e-01 
       1.233062356186e-01       7.841877044004e-01 
       1.264069129017e-01       7.621626675629e-01 
       1.295076599371e-01       7.375140117582e-01 
       1.326084524750e-01       7.102745887625e-01 
       1.357092755935e-01       6.809191798766e-01 
       1.388101200478e-01       6.502186945904e-01 
       1.419109800535e-01       6.191344075254e-01 
       1.450118519396e-01       5.886656895025e-01 
       1.481127333302e-01       5.597304879162e-01 
       1.512136226471e-01       5.330764778113e-01 
       1.543145188064e-01       5.092245863131e-01 
       1.574154210335e-01       4.884428309734e-01 
       1.605163287508e-01       4.707526721709e-01 
       1.636172415074e-01       4.559600720525e-01 
       1.667181589372e-01       4.436914021243e-01 
       1.698190807317e-01       4.334471711585e-01 
       1.729200066233e-01       4.246535909414e-01 
       1.760209363751e-01       4.167306591148e-01 
       1.791218697736e-01       4.091902815055e-01 
       1.822228066242e-01       4.014458610869e-01 
       1.853237467480e-01       3.931090154376e-01 
       1.884246899796e-01       3.839354061941e-01 
       1.915256361651e-01       3.738393018758e-01 
       1.946265851615e-01       3.628919033472e-01 
       1.977275368348e-01       3.512896774273e-01 
       2.008284910597e-01       3.393135060542e-01 
       2.039294477188e-01       3.272785353393e-01 
       2.070304067018e-01       3.154980446839e-01 
       2.101313679048e-01       3.042446239907e-01 
       2.132323312304e-01       2.937338167891e-01 
       2.163332965866e-01       2.841188802236e-01 
       2.194342638867e-01       2.754833037930e-01 
       2.225352330487e-01       2.678461439160e-01 
       2.256362039955e-01       2.611551370097e-01 
       2.287371766540e-01       2.553091627025e-01 
       2.318381509550e-01       2.501551257520e-01 
       2.349391268330e-01       2.455093381746e-01 
       2.380401042261e-01       2.411801662418e-01 
       2.411410830753e-01       2.369846756175e-01 
       2.442420633250e-01       2.327692689511e-01 
       2.473430449220e-01       2.284144480120e-01 
       2.504440278160e-01       2.238466161036e-01 
       2.535450119592e-01       2.190344086980e-01 
       2.566459973060e-01       2.139854847727e-01 
       2.597469838130e-01       2.087413736552e-01 
       2.628479714390e-01       2.033750008522e-01 
       2.659489601445e-01       1.979755350732e-01 
       2.690499498921e-01       1.926433290657e-01 
       2.721509406458e-01       1.874765327235e-01 
       2.752519323715e-01       1.825588148169e-01 
       2.783529250366e-01       1.779520451480e-01 
       2.814539186098e-01       1.736898141870e-01 
       2.845549130613e-01       1.697798899309e-01 
       2.876559083625e-01       1.662055441898e-01 
       2.907569044861e-01       1.629327473550e-01 
       2.938579014059e-01       1.599150764362e-01 
       2.969588990968e-01       1.570989327153e-01 
       3.000598975348e-01       1.544276136915e-01 
       3.031608966969e-01       1.518450230352e-01 
       3.062618965610e-01       1.492988297846e-01 
       3.093628971058e-01       1.467453185405e-01 
       3.124638983110e-01       1.441533321044e-01 
       3.155649001570e-01       1.415064596079e-01 
       3.186659026250e-01       1.388038744603e-01 
       3.217669056970e-01       1.360577390400e-01 
       3.248679093555e-01       1.332901898530e-01 
       3.279689135839e-01       1.305283910962e-01 
       3.310699183660e-01       1.278000251291e-01 
       3.341709236865e-01       1.251321642182e-01 
       3.372719295303e-01       1.225487307338e-01 
       3.403729358831e-01       1.200695639286e-01 
       3.434739427310e-01       1.177095015872e-01 
       3.465749500607e-01       1.154758866002e-01 
       3.496759578594e-01       1.133704467118e-01 
       3.527769661145e-01       1.113860450022e-01 
       3.558779748142e-01       1.095087289112e-01 
       3.589789839468e-01       1.077203415264e-01 
       3.620799935012e-01       1.060008985361e-01 
       3.651810034666e-01       1.043306214749e-01 
       3.682820138325e-01       1.026927856257e-01 
       3.713830245890e-01       1.010751485966e-01 
       3.744840357261e-01       9.946795565147e-02 
       3.775850472346e-01       9.786523913265e-02 
       3.806860591053e-01       9.626378893883e-02 
       3.837870713295e-01       9.466361662225e-02 
       3.868880838984e-01       9.306785186174e-02 
       3.899890968040e-01       9.148249986729e-02 
       3.930901100382e-01       8.991575003064e-02 
       3.961911235933e-01       8.837668587702e-02 
       3.992921374617e-01       8.687364565752e-02 
       4.023931516362e-01       8.541315051941e-02 
       4.054941661098e-01       8.399921618945e-02 
       4.085951808755e-01       8.263343585580e-02 
       4.116961959268e-01       8.131573518349e-02 
       4.147972112573e-01       8.004501997562e-02 
       4.178982268607e-01       7.881908202272e-02 
       4.209992427309e-01       7.763504970350e-02 
       4.241002588622e-01       7.648899610283e-02 
       4.272012752487e-01       7.537584877043e-02 
       4.303022918849e-01       7.428968696940e-02 
       4.334033087655e-01       7.322476725312e-02 
       4.365043258852e-01       7.217583799190e-02 
       4.396053432390e-01       7.113940199741e-02 
       4.427063608219e-01       7.011343548639e-02 
       4.458073786292e-01       6.909748811298e-02 
       4.489083966561e-01       6.809202062267e-02 
       4.520094148981e-01       6.709782447849e-02 
       4.551104333508e-01       6.611612460982e-02 
       4.582114520099e-01       6.514825493583e-02 
       4.613124708713e-01       6.419605210967e-02 
       4.644134899308e-01       6.326171967456e-02 
       4.675145091846e-01       6.234784942656e-02 
       4.706155286287e-01       6.145659525701e-02 
       4.737165482595e-01       6.058936060036e-02 
       4.768175680732e-01       5.974636324926e-02 
       4.799185880663e-01       5.892669019096e-02 
       4.830196082354e-01       5.812857725054e-02 
       4.861206285770e-01       5.735001192769e-02 
       4.892216490879e-01       5.658899359316e-02 
       4.923226697648e-01       5.584386586046e-02 
       4.954236906047e-01       5.511315341307e-02 
       4.985247116044e-01       5.439544444044e-02 
       5.016257327611e-01       5.368924508539e-02 
       5.047267540718e-01       5.299308193587e-02 
       5.078277755336e-01       5.230577339210e-02 
       5.109287971439e-01       5.162685646745e-02 
       5.140298188999e-01       5.095640072125e-02 
       5.171308407990e-01       5.029508872590e-02 
       5.202318628386e-01       4.964399212095e-02 
       5.233328850162e-01       4.900383565367e-02 
       5.264339073294e-01       4.837538315386e-02 
       5.295349297758e-01       4.775854531332e-02 
       5.326359523530e-01       4.715348744983e-02 
       5.357369750589e-01       4.655981596817e-02 
       5.388379978910e-01       4.597772698466e-02 
       5.419390208474e-01       4.540732281265e-02 
       5.450400439257e-01       4.484865510154e-02 
       5.481410671241e-01       4.430153466753e-02 
       5.512420904404e-01       4.376534753716e-02 
       5.543431138726e-01       4.323918374026e-02 
       5.574441374189e-01       4.272215056675e-02 
       5.605451610773e-01       4.221346913795e-02 
       5.636461848459e-01       4.171260682761e-02 
       5.667472087230e-01       4.121947201563e-02 
       5.698482327068e-01       4.073393905020e-02 
       5.729492567955e-01       4.025587641121e-02 
       5.760502809874e-01       3.978507006718e-02 
       5.791513052809e-01       3.932106420751e-02 
       5.822523296744e-01       3.886357067119e-02 
       5.853533541662e-01       3.841245732804e-02 
       5.884543787547e-01       3.796787717832e-02 
       5.915554034386e-01       3.753022790142e-02 
       5.946564282162e-01       3.709985448455e-02 
       5.977574530862e-01       3.667685876678e-02 
       6.008584780470e-01       3.626126146984e-02 
       6.039595030973e-01       3.585284518784e-02 
       6.070605282357e-01       3.545114508479e-02 
       6.101615534608e-01       3.505591776598e-02 
       6.132625787714e-01       3.466703141237e-02 
       6.163636041661e-01       3.428455260170e-02 
       6.194646296437e-01       3.390838973112e-02 
       6.225656552030e-01       3.353843730554e-02 
       6.256666808426e-01       3.317434682582e-02 
       6.287677065615e-01       3.281570195517e-02 
       6.318687323584e-01       3.246203732554e-02 
       6.349697582322e-01       3.211318236126e-02 
       6.380707841818e-01       3.176907777453e-02 
       6.411718102061e-01       3.142986224797e-02 
       6.442728363040e-01       3.109560453953e-02 
       6.473738624744e-01       3.076636997927e-02 
       6.504748887164e-01       3.044200403161e-02 
       6.535759150288e-01       3.012228292600e-02 
       6.566769414107e-01       2.980702548425e-02 
       6.597779678610e-01       2.949612463335e-02 
       6.628789943790e-01       2.918961146156e-02 
       6.659800209635e-01       2.888770006204e-02 
       6.690810476136e-01       2.859039966657e-02 
       6.721820743285e-01       2.829777710458e-02 
       6.752831011073e-01       2.800958946038e-02 
       6.783841279491e-01       2.772561437302e-02 
       6.814851548529e-01       2.744558365869e-02 
       6.845861818180e-01       2.716935885596e-02 
       6.876872088436e-01       2.689693232522e-02 
       6.907882359288e-01       2.662833430498e-02 
       6.938892630728e-01       2.636361441028e-02 
       6.969902902749e-01       2.610272568236e-02 
       7.000913175342e-01       2.584546571463e-02 
       7.031923448500e-01       2.559165244194e-02 
       7.062933722216e-01       2.534105153442e-02 
       7.093943996482e-01       2.509358797286e-02 
       7.124954271291e-01       2.484934016558e-02 
       7.155964546636e-01       2.460838311505e-02 
       7.186974822509e-01       2.437082215161e-02 
       7.217985098906e-01       2.413663855722e-02 
       7.248995375817e-01       2.390565890035e-02 
       7.280005653238e-01       2.367776406315e-02 
       7.464455758151e-01       2.238212440408e-02 
       7.651667369126e-01       2.116687153734e-02 
       7.841776806813e-01       2.002496803328e-02 
       8.034934156659e-01       1.895067350054e-02 
       8.231301147915e-01       1.793889801295e-02 
       8.431049008713e-01       1.698543883596e-02 
       8.634356368620e-01       1.608609073891e-02 
       8.841407268964e-01       1.523722535561e-02 
       9.052389329755e-01       1.443501627923e-02 
       9.267492110784e-01       1.367661650714e-02 
       9.486905693738e-01       1.295901916560e-02 
       9.710819502047e-01       1.227935876924e-02 
       9.939421365888e-01       1.163607275938e-02 
       1.017289683121e+00       1.102615693399e-02 
       1.041142870404e+00       1.044791544724e-02 
       1.065519681468e+00       9.899906327434e-03 
       1.090437798090e+00       9.380088886518e-03 
       1.115914614496e+00       8.887063394930e-03 
       1.141967265644e+00       8.419465109930e-03 
       1.168612667124e+00       7.975924903422e-03 
       1.195867563719e+00       7.555236303302e-03 
       1.223748583763e+00       7.155977977151e-03 
       1.252272296696e+00       6.777211921213e-03 
       1.281455271503e+00       6.417796558846e-03 
       1.311314134122e+00       6.077038335859e-03 
       1.341865622330e+00       5.753841328672e-03 
       1.373126636993e+00       5.447301133443e-03 
       1.405114289018e+00       5.156602361069e-03 
       1.437845941636e+00       4.881030986479e-03 
       1.471339247998e+00       4.619684218149e-03 
       1.505612184263e+00       4.371885486405e-03 
       1.540683078543e+00       4.137056809321e-03 
       1.576570636173e+00       3.914436795753e-03 
       1.613293961846e+00       3.703530509633e-03 
       1.650872579130e+00       3.503612002461e-03 
       1.689326447901e+00       3.314242664099e-03 
       1.728675980162e+00       3.134803047849e-03 
       1.768942054649e+00       2.964804493595e-03 
       1.810146030594e+00       2.803804473050e-03 
       1.852309760920e+00       2.651310864601e-03 
       1.895455605103e+00       2.506900701084e-03 
       1.939606441877e+00       2.370149267257e-03 
       1.984785681927e+00       2.240704602356e-03 
       2.031017280652e+00       2.118139695734e-03 
       2.078325751098e+00       2.002115169213e-03 
       2.126736177086e+00       1.892293575801e-03 
       2.176274226598e+00       1.788352603384e-03 
       2.226966165435e+00       1.689982830496e-03 
       2.278838871174e+00       1.596901145357e-03 
       2.331919847426e+00       1.508852551486e-03 
       2.386237238440e+00       1.425510748421e-03 
       2.441819844019e+00       1.346703333084e-03 
       2.498697134798e+00       1.272136048081e-03 
       2.556899267871e+00       1.201602699362e-03 
       2.616457102781e+00       1.134951684687e-03 
       2.677402217879e+00       1.071820588536e-03 
       2.739766927073e+00       1.012236095441e-03 
       2.803584296956e+00       9.558184499513e-04 
       2.868888164343e+00       9.025055999479e-04 
       2.935713154210e+00       8.521165002981e-04 
       3.004094698049e+00       8.044818138390e-04 
       3.074069052662e+00       7.594355194699e-04 
       3.145673319376e+00       7.168885817672e-04 
       3.218945463722e+00       6.766491440828e-04 
       3.293924335560e+00       6.386538990951e-04 
       3.370649689682e+00       6.027250810367e-04 
       3.449162206885e+00       5.688063575569e-04 
       3.529503515545e+00       5.367449080222e-04 
       3.611716213687e+00       5.064525036879e-04 
       3.695843891573e+00       4.778319837771e-04 
       3.781931154810e+00       4.508340816020e-04 
       3.870023648006e+00       4.253061511866e-04 
       3.960168078965e+00       4.012327437132e-04 
       4.052412243459e+00       3.784710607592e-04 
       4.146805050564e+00       3.569824955264e-04 
       4.243396548597e+00       3.366940982375e-04 
       4.342237951647e+00       3.175390287455e-04 
       4.443381666736e+00       2.994569064434e-04 
       4.546881321600e+00       2.823848191543e-04 
       4.652791793126e+00       2.662654131293e-04 
       4.761169236447e+00       2.510537705254e-04 
       4.872071114719e+00       2.366995148717e-04 
       4.985556229585e+00       2.231586193802e-04 
       5.101684752356e+00       2.103569174593e-04 
       5.220518255912e+00       1.983063642137e-04 
       5.342119747348e+00       1.869124754720e-04 
       5.466553701386e+00       1.761723108079e-04 
       5.593886094555e+00       1.660304687995e-04 
       5.724184440175e+00       1.564781207621e-04 
       5.857517824153e+00       1.474672884830e-04 
       5.993956941616e+00       1.389553815184e-04 
       6.133574134388e+00       1.309340416402e-04 
       6.276443429353e+00       1.233601832049e-04 
       6.422640577704e+00       1.162317123122e-04 
       6.572243095103e+00       1.095026709837e-04 
       6.725330302784e+00       1.031568392855e-04 
       6.881983369612e+00       9.716785305368e-05 
       7.042285355117e+00       9.153225946630e-05 
       7.206321253533e+00       8.621425812841e-05 
       7.374178038864e+00       8.119705641915e-05 
       7.545944711000e+00       7.647296001417e-05 
       7.721712342904e+00       7.201561317630e-05 
       7.901574128902e+00       6.781389149101e-05 
       8.085625434092e+00       6.385543324099e-05 
       8.273963844913e+00       6.012266788601e-05 
       8.466689220884e+00       5.661233093227e-05 
       8.663903747550e+00       5.329059638843e-05 
       8.865711990663e+00       5.016671836559e-05 
       9.072220951624e+00       4.722593371069e-05 
       9.283540124220e+00       4.445657522379e-05 
       9.499781552672e+00       4.183989714021e-05 
       9.721059891047e+00       3.937884646683e-05 
       9.947492464050e+00       3.706553069083e-05 
       1.017919932923e+01       3.487950372482e-05 
       1.041630334063e+01       3.282338148927e-05 
       1.065893021393e+01       3.088303238606e-05 
       1.090720859313e+01       2.905873152650e-05 
       1.116127011869e+01       2.733603390771e-05 
       1.142124949741e+01       2.571682616409e-05 
       1.168728457379e+01       2.419190698081e-05 
       1.195951640315e+01       2.275407987156e-05 
       1.223808932641e+01       2.140226212217e-05 
       1.252315104662e+01       2.012715359788e-05 
       1.281485270728e+01       1.892767281000e-05 
       1.311334897247e+01       1.779919300349e-05 
       1.341879810886e+01       1.673599290424e-05 
       1.373136206963e+01       1.573677287879e-05 
       1.405120658032e+01       1.479219928349e-05 
       1.437850122673e+01       1.390565297730e-05 
       1.471341954482e+01       1.307154858537e-05 
       1.505613911270e+01       1.228532389026e-05 
       1.540684164483e+01       1.154531679797e-05 
       1.576571308833e+01       1.084827773261e-05 
       1.613294372160e+01       1.019326869756e-05 
       1.650872825517e+01       9.576162173139e-06 
       1.689326593498e+01       8.995034578636e-06 
       1.728676064800e+01       8.449458199628e-06 
       1.768942103034e+01       7.935397047468e-06 
       1.810146057785e+01       7.451663378396e-06 
       1.852309775936e+01       6.996476585917e-06 
       1.895455613248e+01       6.569020666896e-06 
       1.939606446216e+01       6.164719327221e-06 
       1.984785684196e+01       5.786210900910e-06 
       2.031017281816e+01       5.430410514741e-06 
       2.078325751684e+01       5.095527530422e-06 
       2.126736177375e+01       4.780019404202e-06 
       2.176274226738e+01       4.483763967632e-06 
       2.226966165502e+01       4.203683543007e-06 
       2.278838871204e+01       3.941186367536e-06 
       2.331919847440e+01       3.694850552891e-06 
       2.386237238446e+01       3.462220599310e-06 
       2.441819844021e+01       3.244313844832e-06 
       2.498697134799e+01       3.038984177031e-06 
       2.556899267872e+01       2.846570623274e-06 
       2.616457102781e+01       2.664589538608e-06 
       2.677402217879e+01       2.494384500146e-06 
       2.739766927073e+01       2.334211373665e-06 
       2.803584296956e+01       2.183923152900e-06 
       2.868888164343e+01       2.042334955968e-06 
       2.935713154210e+01       1.909744447994e-06 
       3.004094698049e+01       1.784652854218e-06 
       3.074069052662e+01       1.666793890619e-06 
       3.145673319376e+01       1.557195435961e-06 
       3.218945463722e+01       1.453210604283e-06 
       3.293924335560e+01       1.356320092055e-06 
       3.370649689682e+01       1.264316928951e-06 
       3.449162206885e+01       1.179187388177e-06 
       3.529503515545e+01       1.098644417026e-06 
       3.611716213687e+01       1.022797824636e-06 
       3.695843891573e+01       9.520358556556e-07 
       3.781931154810e+01       8.857378825714e-07 
       3.870023648006e+01       8.233407097113e-07 
       3.960168078965e+01       7.649343265700e-07 
       4.052412243459e+01       7.100589979760e-07 
       4.146805050564e+01       6.586260368921e-07 
       4.243396548597e+01       6.104023794564e-07 
       4.342237951647e+01       5.652555674105e-07 
       4.443381666736e+01       5.230688348312e-07 
       4.546881321600e+01       4.834433854383e-07 
       4.652791793126e+01       4.464813112395e-07 
       4.761169236447e+01       4.118932539079e-07 
       4.872071114719e+01       3.795307279835e-07 
       4.985556229585e+01       3.493732324546e-07 
       5.101684752356e+01       3.210835245395e-07 
       5.220518255912e+01       2.946898550332e-07 
       5.342119747348e+01       2.701205732803e-07 
       5.466553701386e+01       2.472471672681e-07 
       5.593886094555e+01       2.258786521867e-07 
       5.724184440175e+01       2.060731298292e-07 
       5.857517824153e+01       1.875326114339e-07 
       5.993956941616e+01       1.703936314844e-07 
       6.133574134388e+01       1.545338451433e-07 
       6.276443429353e+01       1.397440090436e-07 
       6.422640577704e+01       1.261407066139e-07 
       6.572243095103e+01       1.136099255051e-07 
       6.725330302784e+01       1.020152861244e-07 
       6.881983369612e+01       9.123133140686e-08 
       7.042285355117e+01       8.143592719030e-08 
       7.206321253533e+01       7.235014748489e-08 
       7.374178038864e+01       6.409763059628e-08 
       7.545944711000e+01       5.652555397472e-08 
       7.721712342904e+01       4.962477689472e-08 
       7.901574128902e+01       4.335825838128e-08 
       8.085625434092e+01       3.765787729463e-08 
       8.273963844913e+01       3.249577604047e-08 
       8.466689220884e+01       2.791081789871e-08 
       8.663903747550e+01       2.370279406445e-08 
       8.865711990663e+01       2.008515996352e-08 
       9.072220951624e+01       1.680711848525e-08 
       9.283540124220e+01       1.392039874809e-08 
       9.499781552671e+01       1.138236396039e-08 
       9.721059891047e+01       9.185859406660e-09 
       9.947492464050e+01       7.290811898157e-09 
       1.017919932923e+02       5.665421726024e-09 
       1.041630334063e+02       4.306692885482e-09 
       1.065893021393e+02       3.179478250286e-09 
       1.090720859313e+02       2.252417325504e-09 
       1.116127011869e+02       1.522678265704e-09 
       1.142124949741e+02       9.572887355066e-10 
       1.168728457379e+02       5.409910651936e-10 
       1.195951640315e+02       2.548240591237e-10 
       1.223808932641e+02       8.086876247922e-11 
       1.252315104662e+02       6.272233668512e-12 
       1.281485270728e+02       1.282789864498e-11 
       1.311334897247e+02       8.688745798947e-11 
       1.341879810886e+02       2.153608887492e-10 
       1.373136206963e+02       3.838691843558e-10 
       1.405120658032e+02       5.810810914913e-10 
       1.437850122673e+02       8.014019543160e-10 
       1.471341954482e+02       1.026873972317e-09 
       1.505613911270e+02       1.253857346101e-09 
       1.540684164483e+02       1.479396205164e-09 
       1.576571308833e+02       1.688392462520e-09 
       1.613294372160e+02       1.878121980618e-09 
       1.650872825517e+02       2.041987096614e-09 
       1.689326593498e+02       2.184469616494e-09 
       1.728676064800e+02       2.297961092877e-09 
       1.768942103034e+02       2.380418284289e-09 
       1.810146057785e+02       2.432610204560e-09 
       1.852309775936e+02       2.453081451460e-09 
       1.895455613248e+02       2.441227181872e-09 
       1.939606446216e+02       2.404854064073e-09 
       1.984785684196e+02       2.336121157227e-09 
       2.031017281816e+02       2.246616512110e-09 
