# Matter power spectrum P(k) at redshift z=99
# for k=1.00899e-05 to 203.102 h/Mpc,
# number of wavenumbers equal to 845
#    1:k (h/Mpc)              2:P (Mpc/h)^3        
       1.008985923385e-05       8.603104170274e-03 
       2.251775554930e-05       1.859296728460e-02 
       3.498636120606e-05       2.838348804855e-02 
       4.752690065129e-05       3.808749715315e-02 
       6.017107953816e-05       4.776718348767e-02 
       7.295134796828e-05       5.746790574487e-02 
       8.590117159567e-05       6.722761650299e-02 
       9.905531396721e-05       7.708068943237e-02 
       1.124501335013e-04       8.705984654058e-02 
       1.261238985365e-04       9.719730193590e-02 
       1.401171238971e-04       1.075255336801e-01 
       1.544729323969e-04       1.180778625258e-01 
       1.692374446017e-04       1.288889408520e-01 
       1.844601999509e-04       1.399951790753e-01 
       2.001946119308e-04       1.514351544006e-01 
       2.164984593225e-04       1.632500077816e-01 
       2.334344144963e-04       1.754838419452e-01 
       2.510706081659e-04       1.881841273984e-01 
       2.694812277618e-04       2.014021071175e-01 
       2.887471434300e-04       2.151932179649e-01 
       3.089565513521e-04       2.296174990687e-01 
       3.302056183397e-04       2.447399870678e-01 
       3.525991041884e-04       2.606310900230e-01 
       3.762509288441e-04       2.773668935323e-01 
       4.012846398935e-04       2.950293933427e-01 
       4.278337223492e-04       3.137065966855e-01 
       4.560416776520e-04       3.334924418785e-01 
       4.860617833901e-04       3.544864890561e-01 
       5.180564314341e-04       3.767932922736e-01 
       5.521959331310e-04       4.005213972739e-01 
       5.886566802046e-04       4.257818913017e-01 
       6.276185644258e-04       4.526864235162e-01 
       6.692615935926e-04       4.813446984075e-01 
       7.137617004578e-04       5.118614313540e-01 
       7.612858262925e-04       5.443328362909e-01 
       8.119864673565e-04       5.788427971565e-01 
       8.659959883789e-04       6.154589653380e-01 
       9.234211117495e-04       6.542290351592e-01 
       9.843380585498e-04       6.951775752280e-01 
       1.048788822721e-03       7.383036979604e-01 
       1.116778987109e-03       7.835798914649e-01 
       1.188277341859e-03       8.309521153798e-01 
       1.263217364320e-03       8.803414183169e-01 
       1.341500404014e-03       9.316549066424e-01 
       1.423000230117e-03       9.847657117320e-01 
       1.507568477514e-03       1.039538343640e+00 
       1.595040487398e-03       1.095826623810e+00 
       1.685241075052e-03       1.153477879975e+00 
       1.777989849946e-03       1.212336729951e+00 
       1.873105833493e-03       1.272248359122e+00 
       1.970411241375e-03       1.333061216046e+00 
       2.069734401352e-03       1.394628977852e+00 
       2.170911854437e-03       1.456812076473e+00 
       2.273789735608e-03       1.519478680069e+00 
       2.378224553543e-03       1.582505103933e+00 
       2.484083493407e-03       1.645776175165e+00 
       2.591244358870e-03       1.709184916719e+00 
       2.699595254824e-03       1.772632821825e+00 
       2.809034094888e-03       1.836028932321e+00 
       2.919468000394e-03       1.899289902157e+00 
       3.030812641761e-03       1.962339174228e+00 
       3.142991559685e-03       2.025107087869e+00 
       3.255935492585e-03       2.087529496034e+00 
       3.369581728141e-03       2.149548266633e+00 
       3.483873490193e-03       2.211110231140e+00 
       3.598759367421e-03       2.272167635239e+00 
       3.714192786759e-03       2.332676108856e+00 
       3.830131532053e-03       2.392596428516e+00 
       3.946537306880e-03       2.451892250259e+00 
       4.063375339396e-03       2.510531945326e+00 
       4.180614026477e-03       2.568485666660e+00 
       4.298224614140e-03       2.625728266065e+00 
       4.416180911106e-03       2.682236284043e+00 
       4.534459032436e-03       2.737988772445e+00 
       4.653037170281e-03       2.792968149533e+00 
       4.771895388998e-03       2.847158043863e+00 
       4.891015442065e-03       2.900545631415e+00 
       5.010380608463e-03       2.953118800386e+00 
       5.129975546421e-03       3.004866892308e+00 
       5.249786162607e-03       3.055782970030e+00 
       5.369799495068e-03       3.105859661592e+00 
       5.490003608392e-03       3.155093158433e+00 
       5.610387499743e-03       3.203479143847e+00 
       5.730941014549e-03       3.251014891597e+00 
       5.851654770797e-03       3.297699698848e+00 
       5.972520090970e-03       3.343534252184e+00 
       6.093528940795e-03       3.388518802478e+00 
       6.214673874059e-03       3.432655529354e+00 
       6.335947982840e-03       3.475947784932e+00 
       6.457344852562e-03       3.518397990302e+00 
       6.578858521367e-03       3.560012319880e+00 
       6.700483443346e-03       3.600795337132e+00 
       6.822214455222e-03       3.640751505992e+00 
       6.944046746129e-03       3.679888228884e+00 
       7.065975830168e-03       3.718212543070e+00 
       7.187997521452e-03       3.755729561977e+00 
       7.310107911398e-03       3.792449758429e+00 
       7.432303348035e-03       3.828380268347e+00 
       7.554580417124e-03       3.863528960359e+00 
       7.676935924931e-03       3.897902457578e+00 
       7.799366882465e-03       3.931511393324e+00 
       7.921870491067e-03       3.964364545782e+00 
       8.044444129208e-03       3.996470429051e+00 
       8.167085340379e-03       4.027838455704e+00 
       8.289791821990e-03       4.058476694375e+00 
       8.412561415158e-03       4.088395981982e+00 
       8.535392095331e-03       4.117604681763e+00 
       8.658281963652e-03       4.146111794621e+00 
       8.781229239010e-03       4.173925807247e+00 
       8.904232250708e-03       4.201058557065e+00 
       9.027289431704e-03       4.227516685525e+00 
       9.150399312368e-03       4.253309409364e+00 
       9.273560514714e-03       4.278446514582e+00 
       9.396771747065e-03       4.302936367531e+00 
       9.520031799123e-03       4.326787247081e+00 
       9.643339537395e-03       4.350009047943e+00 
       9.766693900965e-03       4.372607891949e+00 
       9.890093897566e-03       4.394594587644e+00 
       1.001353859994e-02       4.415977223802e+00 
       1.013702714247e-02       4.436761531922e+00 
       1.026055871802e-02       4.456956906695e+00 
       1.038413257505e-02       4.476570643595e+00 
       1.050774801489e-02       4.495613578478e+00 
       1.063140438921e-02       4.514086432357e+00 
       1.075510109773e-02       4.532004377385e+00 
       1.087883758598e-02       4.549368284969e+00 
       1.100261334330e-02       4.566188760755e+00 
       1.112642790095e-02       4.582470633899e+00 
       1.125028083038e-02       4.598222493739e+00 
       1.137417174154e-02       4.613449801328e+00 
       1.149810028141e-02       4.628160914927e+00 
       1.162206613256e-02       4.642358980977e+00 
       1.174606901183e-02       4.656053509935e+00 
       1.187010866910e-02       4.669249518906e+00 
       1.199418488617e-02       4.681953742745e+00 
       1.211829747567e-02       4.694170640390e+00 
       1.224244628010e-02       4.705907293790e+00 
       1.236663117090e-02       4.717172416610e+00 
       1.249085204757e-02       4.727965704288e+00 
       1.261510883696e-02       4.738297571034e+00 
       1.273940149246e-02       4.748171044467e+00 
       1.286372999336e-02       4.757595168964e+00 
       1.298809434421e-02       4.766572175018e+00 
       1.311249457428e-02       4.775107689594e+00 
       1.323693073698e-02       4.783207829908e+00 
       1.336140290942e-02       4.790879212488e+00 
       1.348591119193e-02       4.798126359624e+00 
       1.361045570765e-02       4.804954058775e+00 
       1.373503660222e-02       4.811366858400e+00 
       1.385965404336e-02       4.817373365940e+00 
       1.398430822064e-02       4.822974880342e+00 
       1.410899934517e-02       4.828178814044e+00 
       1.423372764937e-02       4.832987478776e+00 
       1.435849338678e-02       4.837410413795e+00 
       1.448329683185e-02       4.841449487143e+00 
       1.460813827981e-02       4.845107479861e+00 
       1.473301804651e-02       4.848394904827e+00 
       1.485793646835e-02       4.851313125107e+00 
       1.498289390217e-02       4.853867705924e+00 
       1.510789072521e-02       4.856065878724e+00 
       1.523292733507e-02       4.857908264781e+00 
       1.535800414968e-02       4.859401099623e+00 
       1.548312160735e-02       4.860552772685e+00 
       1.560828016672e-02       4.861365581103e+00 
       1.573348030688e-02       4.861839377438e+00 
       1.585872252741e-02       4.861984265880e+00 
       1.598400734844e-02       4.861805452555e+00 
       1.610933531079e-02       4.861305255592e+00 
       1.623470697605e-02       4.860491241966e+00 
       1.636012292677e-02       4.859363260801e+00 
       1.648558376655e-02       4.857927996180e+00 
       1.661109012028e-02       4.856191628233e+00 
       1.673664263428e-02       4.854156170301e+00 
       1.686224197652e-02       4.851829497238e+00 
       1.698788883685e-02       4.849213929429e+00 
       1.711358392725e-02       4.846310024005e+00 
       1.723932798205e-02       4.843128937164e+00 
       1.736512175823e-02       4.839669887938e+00 
       1.749096603570e-02       4.835939221823e+00 
       1.761686161762e-02       4.831938324315e+00 
       1.774280933070e-02       4.827682137969e+00 
       1.786881002554e-02       4.823157863400e+00 
       1.799486457700e-02       4.818383932577e+00 
       1.812097388457e-02       4.813357779798e+00 
       1.824713887274e-02       4.808081197186e+00 
       1.837336049141e-02       4.802563937809e+00 
       1.849963971633e-02       4.796808697492e+00 
       1.862597754953e-02       4.790813649148e+00 
       1.875237501977e-02       4.784589757311e+00 
       1.887883318301e-02       4.778137176430e+00 
       1.900535312294e-02       4.771464655606e+00 
       1.913193595143e-02       4.764568395859e+00 
       1.925858280911e-02       4.757458129598e+00 
       1.938529486592e-02       4.750131179696e+00 
       1.951207332163e-02       4.742598601610e+00 
       1.963891940648e-02       4.734857822921e+00 
       1.976583438176e-02       4.726923664575e+00 
       1.989281954046e-02       4.718780014339e+00 
       2.001987620788e-02       4.710445917454e+00 
       2.014700574237e-02       4.701924457734e+00 
       2.027420953594e-02       4.693210698697e+00 
       2.040148901504e-02       4.684314206300e+00 
       2.052884564128e-02       4.675236120292e+00 
       2.065628091220e-02       4.665982641304e+00 
       2.078379636203e-02       4.656556337707e+00 
       2.091139356253e-02       4.646957975188e+00 
       2.103907412384e-02       4.637184830615e+00 
       2.116683969530e-02       4.627258595476e+00 
       2.129469196640e-02       4.617164043567e+00 
       2.142263266765e-02       4.606904387814e+00 
       2.155066357157e-02       4.596505052938e+00 
       2.167878649364e-02       4.585955870459e+00 
       2.180700329333e-02       4.575243206102e+00 
       2.193531587513e-02       4.564394645460e+00 
       2.206372618964e-02       4.553402557944e+00 
       2.219223623466e-02       4.542266716195e+00 
       2.232084805636e-02       4.531003068734e+00 
       2.244956375042e-02       4.519601251966e+00 
       2.257838546331e-02       4.508065346975e+00 
       2.270731539347e-02       4.496409951901e+00 
       2.283635579267e-02       4.484625717390e+00 
       2.296550896730e-02       4.472719371106e+00 
       2.309477727980e-02       4.460698337128e+00 
       2.322416315002e-02       4.448564112146e+00 
       2.335366905675e-02       4.436303779153e+00 
       2.348329753921e-02       4.423939158094e+00 
       2.361305119861e-02       4.411463782393e+00 
       2.374293269977e-02       4.398885223999e+00 
       2.387294477280e-02       4.386209399663e+00 
       2.400309021484e-02       4.373433467376e+00 
       2.413337189178e-02       4.360560520295e+00 
       2.426379274017e-02       4.347587784298e+00 
       2.439435576908e-02       4.334517719792e+00 
       2.452506406208e-02       4.321367882660e+00 
       2.465592077927e-02       4.308124877382e+00 
       2.478692915937e-02       4.294808843583e+00 
       2.491809252189e-02       4.281399782405e+00 
       2.504941426942e-02       4.267903887390e+00 
       2.518089788986e-02       4.254344971739e+00 
       2.531254695892e-02       4.240707129441e+00 
       2.544436514254e-02       4.226999296705e+00 
       2.557635619949e-02       4.213221573284e+00 
       2.570852398403e-02       4.199363667899e+00 
       2.584087244865e-02       4.185451898556e+00 
       2.597340564696e-02       4.171460728881e+00 
       2.610612773662e-02       4.157423631758e+00 
       2.623904298241e-02       4.143322090436e+00 
       2.637215575941e-02       4.129159457552e+00 
       2.650547055630e-02       4.114949792499e+00 
       2.663899197875e-02       4.100672209151e+00 
       2.677272475300e-02       4.086357298540e+00 
       2.690667372948e-02       4.071989268388e+00 
       2.704084388668e-02       4.057566003936e+00 
       2.717524033506e-02       4.043102288704e+00 
       2.730986832117e-02       4.028604114448e+00 
       2.744473323193e-02       4.014056418410e+00 
       2.757984059904e-02       3.999455857560e+00 
       2.771519610360e-02       3.984831939636e+00 
       2.785080558089e-02       3.970178148697e+00 
       2.798667502534e-02       3.955467827611e+00 
       2.812281059571e-02       3.940743371592e+00 
       2.825921862046e-02       3.925970117161e+00 
       2.839590560337e-02       3.911185155956e+00 
       2.853287822937e-02       3.896361988301e+00 
       2.867014337060e-02       3.881507071322e+00 
       2.880770809274e-02       3.866636886521e+00 
       2.894557966159e-02       3.851744121232e+00 
       2.908376554997e-02       3.836822644136e+00 
       2.922227344485e-02       3.821880978103e+00 
       2.936111125486e-02       3.806920872409e+00 
       2.950028711803e-02       3.791946122570e+00 
       2.963980940998e-02       3.776947220353e+00 
       2.977968675242e-02       3.761933256288e+00 
       2.991992802197e-02       3.746909638417e+00 
       3.006054235952e-02       3.731876721829e+00 
       3.020153917986e-02       3.716825687074e+00 
       3.034292818185e-02       3.701768377982e+00 
       3.048471935906e-02       3.686702775264e+00 
       3.062692301082e-02       3.671616167149e+00 
       3.076954975391e-02       3.656546404325e+00 
       3.091261053472e-02       3.641461350827e+00 
       3.105611664203e-02       3.626357250964e+00 
       3.120007972039e-02       3.611274122444e+00 
       3.134451178417e-02       3.596161902825e+00 
       3.148942523232e-02       3.581065229111e+00 
       3.163483286384e-02       3.565966788737e+00 
       3.178074789403e-02       3.550871759828e+00 
       3.192718397158e-02       3.535764764427e+00 
       3.207415519655e-02       3.520667671512e+00 
       3.222167613928e-02       3.505574816585e+00 
       3.236976186026e-02       3.490476856763e+00 
       3.251842793110e-02       3.475408871581e+00 
       3.266769045662e-02       3.460310502726e+00 
       3.281756609808e-02       3.445245690224e+00 
       3.296807209781e-02       3.430168395651e+00 
       3.311922630503e-02       3.415092367870e+00 
       3.327104720329e-02       3.400047954607e+00 
       3.342355393934e-02       3.385001832402e+00 
       3.357676635374e-02       3.369947196815e+00 
       3.373070501315e-02       3.354928346866e+00 
       3.388539124463e-02       3.339908417526e+00 
       3.404084717188e-02       3.324896715577e+00 
       3.419709575366e-02       3.309895670156e+00 
       3.435416082463e-02       3.294911819341e+00 
       3.451206713858e-02       3.279919001116e+00 
       3.467084041444e-02       3.264953401851e+00 
       3.483050738512e-02       3.249995421495e+00 
       3.499109584951e-02       3.235058267494e+00 
       3.515263472782e-02       3.220128615808e+00 
       3.531515412053e-02       3.205209839101e+00 
       3.547868537122e-02       3.190294558777e+00 
       3.564326113364e-02       3.175398521871e+00 
       3.580891544335e-02       3.160511884250e+00 
       3.597568379423e-02       3.145636467268e+00 
       3.614360322038e-02       3.130783012667e+00 
       3.631271238380e-02       3.115926299955e+00 
       3.648305166828e-02       3.101082098685e+00 
       3.665466328025e-02       3.086263813386e+00 
       3.682759135694e-02       3.071454900781e+00 
       3.700188208264e-02       3.056649613933e+00 
       3.717758381384e-02       3.041859384875e+00 
       3.735474721393e-02       3.027073286079e+00 
       3.753342539844e-02       3.012291512720e+00 
       3.771367409180e-02       2.997525168863e+00 
       3.789555179669e-02       2.982776512069e+00 
       3.807911997726e-02       2.968021895753e+00 
       3.826444325751e-02       2.953287230200e+00 
       3.845158963647e-02       2.938553597507e+00 
       3.864063072175e-02       2.923827115510e+00 
       3.883164198345e-02       2.909099843181e+00 
       3.902470303062e-02       2.894379834141e+00 
       3.921989791253e-02       2.879661946688e+00 
       3.941731544758e-02       2.864943539822e+00 
       3.961704958289e-02       2.850225029380e+00 
       3.981919978798e-02       2.835510479761e+00 
       4.002387148648e-02       2.820793102816e+00 
       4.023117653032e-02       2.806071719760e+00 
       4.044123372141e-02       2.791340957215e+00 
       4.065416938658e-02       2.776606642430e+00 
       4.087011801240e-02       2.761864884957e+00 
       4.108922294733e-02       2.747112777101e+00 
       4.131163717982e-02       2.732338704382e+00 
       4.153752420241e-02       2.717557331316e+00 
       4.176705897322e-02       2.702763463884e+00 
       4.200042898802e-02       2.687942981691e+00 
       4.223783547839e-02       2.673105388786e+00 
       4.247949475379e-02       2.658240307736e+00 
       4.272563970839e-02       2.643342392924e+00 
       4.297652151713e-02       2.628422770424e+00 
       4.323241154967e-02       2.613454657172e+00 
       4.349360353592e-02       2.598461420483e+00 
       4.376041602319e-02       2.583416754031e+00 
       4.403319517213e-02       2.568328613420e+00 
       4.431231794788e-02       2.553189725901e+00 
       4.459819577357e-02       2.537991642138e+00 
       4.489127872701e-02       2.522730518168e+00 
       4.519206037738e-02       2.507395286831e+00 
       4.550108337953e-02       2.491994480985e+00 
       4.581894596815e-02       2.476515026162e+00 
       4.614630952536e-02       2.460934534713e+00 
       4.648390743429e-02       2.445243436140e+00 
       4.683255547970e-02       2.429461719952e+00 
       4.719316411816e-02       2.413556985717e+00 
       4.756675301773e-02       2.397511599516e+00 
       4.795446836503e-02       2.381341942552e+00 
       4.835760356241e-02       2.365022017050e+00 
       4.877762409663e-02       2.348509512888e+00 
       4.921619756285e-02       2.331793293715e+00 
       4.967523008562e-02       2.314843339339e+00 
       5.015691070604e-02       2.297647999234e+00 
       5.066376571717e-02       2.280173784671e+00 
       5.119872544391e-02       2.262364959292e+00 
       5.176520658853e-02       2.244203271477e+00 
       5.236721399178e-02       2.225616591086e+00 
       5.300946644312e-02       2.206532378189e+00 
       5.369755187007e-02       2.186864168162e+00 
       5.443811751592e-02       2.166507504925e+00 
       5.523909986870e-02       2.145317880456e+00 
       5.610999570581e-02       2.123105549623e+00 
       5.706216694303e-02       2.099618121815e+00 
       5.810915312358e-02       2.074538777074e+00 
       5.926692834861e-02       2.047407721478e+00 
       6.055397337690e-02       2.017627873423e+00 
       6.199093019779e-02       1.984391917531e+00 
       6.359947941573e-02       1.946643168950e+00 
       6.540001143586e-02       1.903091718621e+00 
       6.740785584535e-02       1.852285176969e+00 
       6.962856954584e-02       1.792865897107e+00 
       7.205402576627e-02       1.723992866514e+00 
       7.466181558845e-02       1.645847680195e+00 
       7.741925945704e-02       1.559934433141e+00 
       8.029037151845e-02       1.469015294911e+00 
       8.324228136121e-02       1.376636068560e+00 
       8.624873568324e-02       1.286504607927e+00 
       8.929066763551e-02       1.201918628185e+00 
       9.235510012400e-02       1.125383688210e+00 
       9.543357075755e-02       1.058448443846e+00 
       9.852071039889e-02       1.001709575695e+00 
       1.016131705669e-01       9.548954994007e-01 
       1.047088850236e-01       9.170669685736e-01 
       1.078065869652e-01       8.867653530244e-01 
       1.109055026927e-01       8.622098169624e-01 
       1.140051606950e-01       8.414698209204e-01 
       1.171052739291e-01       8.226366003570e-01 
       1.202056676986e-01       8.039868336794e-01 
       1.233062356398e-01       7.841250564512e-01 
       1.264069129232e-01       7.620996304575e-01 
       1.295076599588e-01       7.374528888524e-01 
       1.326084524970e-01       7.102226881436e-01 
       1.357092756157e-01       6.808727854560e-01 
       1.388101200703e-01       6.501817129283e-01 
       1.419109800763e-01       6.191059637672e-01 
       1.450118519627e-01       5.886447061407e-01 
       1.481127333536e-01       5.597122243552e-01 
       1.512136226708e-01       5.330655539165e-01 
       1.543145188302e-01       5.092202289826e-01 
       1.574154210577e-01       4.884348803374e-01 
       1.605163287752e-01       4.707428429334e-01 
       1.636172415321e-01       4.559467778511e-01 
       1.667181589622e-01       4.436793684409e-01 
       1.698190807569e-01       4.334187827180e-01 
       1.729200066488e-01       4.246173686662e-01 
       1.760209364009e-01       4.166937031609e-01 
       1.791218697997e-01       4.091600192567e-01 
       1.822228066506e-01       4.014281069242e-01 
       1.853237467746e-01       3.930975585519e-01 
       1.884246900064e-01       3.839232980520e-01 
       1.915256361923e-01       3.738226986134e-01 
       1.946265851889e-01       3.628672706696e-01 
       1.977275368625e-01       3.512557018141e-01 
       2.008284910877e-01       3.392756529667e-01 
       2.039294477471e-01       3.272415087719e-01 
       2.070304067303e-01       3.154703902323e-01 
       2.101313679336e-01       3.042237224614e-01 
       2.132323312595e-01       2.937212604557e-01 
       2.163332966159e-01       2.841099583976e-01 
       2.194342639162e-01       2.754751985408e-01 
       2.225352330786e-01       2.678355207605e-01 
       2.256362040257e-01       2.611437498603e-01 
       2.287371766844e-01       2.552974408872e-01 
       2.318381509857e-01       2.501431146447e-01 
       2.349391268640e-01       2.454994052597e-01 
       2.380401042573e-01       2.411709462923e-01 
       2.411410831068e-01       2.369749841040e-01 
       2.442420633567e-01       2.327580435543e-01 
       2.473430449540e-01       2.284023023824e-01 
       2.504440278483e-01       2.238352832784e-01 
       2.535450119918e-01       2.190250036682e-01 
       2.566459973389e-01       2.139784447960e-01 
       2.597469838462e-01       2.087370372665e-01 
       2.628479714724e-01       2.033706444663e-01 
       2.659489601782e-01       1.979701805748e-01 
       2.690499499260e-01       1.926363227318e-01 
       2.721509406800e-01       1.874677271975e-01 
       2.752519324060e-01       1.825493735375e-01 
       2.783529250714e-01       1.779427935389e-01 
       2.814539186449e-01       1.736808640278e-01 
       2.845549130966e-01       1.697723894680e-01 
       2.876559083981e-01       1.661995445583e-01 
       2.907569045219e-01       1.629281611310e-01 
       2.938579014420e-01       1.599097623113e-01 
       2.969588991332e-01       1.570938084160e-01 
       3.000598975715e-01       1.544225694569e-01 
       3.031608967339e-01       1.518400581047e-01 
       3.062618965982e-01       1.492939624969e-01 
       3.093628971433e-01       1.467405674150e-01 
       3.124638983487e-01       1.441477972476e-01 
       3.155649001950e-01       1.414998828296e-01 
       3.186659026633e-01       1.387961162126e-01 
       3.217669057355e-01       1.360491206669e-01 
       3.248679093943e-01       1.332812959970e-01 
       3.279689136230e-01       1.305196868001e-01 
       3.310699184054e-01       1.277920102050e-01 
       3.341709237261e-01       1.251250627199e-01 
       3.372719295702e-01       1.225417976855e-01 
       3.403729359232e-01       1.200632763596e-01 
       3.434739427715e-01       1.177022163771e-01 
       3.465749501015e-01       1.154688167490e-01 
       3.496759579004e-01       1.133640420743e-01 
       3.527769661558e-01       1.113803471770e-01 
       3.558779748558e-01       1.095038976992e-01 
       3.589789839887e-01       1.077159544154e-01 
       3.620799935433e-01       1.059961576925e-01 
       3.651810035090e-01       1.043249776040e-01 
       3.682820138752e-01       1.026863512792e-01 
       3.713830246319e-01       1.010676193371e-01 
       3.744840357693e-01       9.945964193068e-02 
       3.775850472781e-01       9.785643474853e-02 
       3.806860591491e-01       9.625481458788e-02 
       3.837870713735e-01       9.465454607586e-02 
       3.868880839427e-01       9.305872217036e-02 
       3.899890968486e-01       9.147336272742e-02 
       3.930901100830e-01       8.990675452237e-02 
       3.961911236384e-01       8.836812891806e-02 
       3.992921375071e-01       8.686577274957e-02 
       4.023931516818e-01       8.540607651760e-02 
       4.054941661557e-01       8.399283019548e-02 
       4.085951809217e-01       8.262745314997e-02 
       4.116961959733e-01       8.130958710977e-02 
       4.147972113040e-01       8.003826549998e-02 
       4.178982269077e-01       7.881157178444e-02 
       4.209992427782e-01       7.762682915781e-02 
       4.241002589097e-01       7.648022747944e-02 
       4.272012752965e-01       7.536684393241e-02 
       4.303022919330e-01       7.428063676887e-02 
       4.334033088139e-01       7.321559189292e-02 
       4.365043259339e-01       7.216660561947e-02 
       4.396053432879e-01       7.113002177006e-02 
       4.427063608711e-01       7.010409395866e-02 
       4.458073786786e-01       6.908838958846e-02 
       4.489083967058e-01       6.808331435586e-02 
       4.520094149481e-01       6.708949393960e-02 
       4.551104334010e-01       6.610807451344e-02 
       4.582114520605e-01       6.514030639049e-02 
       4.613124709221e-01       6.418787382460e-02 
       4.644134899819e-01       6.325317498434e-02 
       4.675145092360e-01       6.233877435887e-02 
       4.706155286804e-01       6.144731868067e-02 
       4.737165483114e-01       6.057978816674e-02 
       4.768175681254e-01       5.973685024859e-02 
       4.799185881188e-01       5.891730698296e-02 
       4.830196082881e-01       5.811923012249e-02 
       4.861206286300e-01       5.734058708959e-02 
       4.892216491411e-01       5.657946794389e-02 
       4.923226698183e-01       5.583427451867e-02 
       4.954236906585e-01       5.510370299895e-02 
       4.985247116585e-01       5.438607161031e-02 
       5.016257328155e-01       5.368001224361e-02 
       5.047267541264e-01       5.298390549596e-02 
       5.078277755885e-01       5.229667185680e-02 
       5.109287971991e-01       5.161754839825e-02 
       5.140298189553e-01       5.094679652305e-02 
       5.171308408547e-01       5.028521467296e-02 
       5.202318628946e-01       4.963402645717e-02 
       5.233328850725e-01       4.899396379509e-02 
       5.264339073859e-01       4.836553174611e-02 
       5.295349298326e-01       4.774883387101e-02 
       5.326359524101e-01       4.714368091645e-02 
       5.357369751162e-01       4.654999521582e-02 
       5.388379979486e-01       4.596778769787e-02 
       5.419390209052e-01       4.539729769202e-02 
       5.450400439839e-01       4.483854876335e-02 
       5.481410671825e-01       4.429150273529e-02 
       5.512420904991e-01       4.375542386573e-02 
       5.543431139316e-01       4.322928588242e-02 
       5.574441374781e-01       4.271220112700e-02 
       5.605451611368e-01       4.220338673352e-02 
       5.636461849057e-01       4.170242367629e-02 
       5.667472087831e-01       4.120916999876e-02 
       5.698482327671e-01       4.072364922753e-02 
       5.729492568561e-01       4.024558996255e-02 
       5.760502810483e-01       3.977485179412e-02 
       5.791513053420e-01       3.931092168838e-02 
       5.822523297358e-01       3.885329375715e-02 
       5.853533542278e-01       3.840214794861e-02 
       5.884543788167e-01       3.795741695925e-02 
       5.915554035008e-01       3.751972935017e-02 
       5.946564282787e-01       3.708928616286e-02 
       5.977574531490e-01       3.666636202283e-02 
       6.008584781101e-01       3.625090714695e-02 
       6.039595031606e-01       3.584236450867e-02 
       6.070605282993e-01       3.544065779363e-02 
       6.101615535247e-01       3.504533202911e-02 
       6.132625788356e-01       3.465643411541e-02 
       6.163636042306e-01       3.427379881943e-02 
       6.194646297084e-01       3.389758348317e-02 
       6.225656552679e-01       3.352780278908e-02 
       6.256666809078e-01       3.316374299223e-02 
       6.287677066270e-01       3.280501883497e-02 
       6.318687324242e-01       3.245135345439e-02 
       6.349697582983e-01       3.210243706065e-02 
       6.380707842481e-01       3.175829434042e-02 
       6.411718102727e-01       3.141907581516e-02 
       6.442728363709e-01       3.108474962819e-02 
       6.473738625416e-01       3.075556073151e-02 
       6.504748887838e-01       3.043123809221e-02 
       6.535759150964e-01       3.011148325322e-02 
       6.566769414786e-01       2.979623727440e-02 
       6.597779679293e-01       2.948519534585e-02 
       6.628789944474e-01       2.917864651520e-02 
       6.659800210322e-01       2.887670530399e-02 
       6.690810476827e-01       2.857938312978e-02 
       6.721820743978e-01       2.828677492770e-02 
       6.752831011769e-01       2.799866289676e-02 
       6.783841280189e-01       2.771473104177e-02 
       6.814851549230e-01       2.743467574037e-02 
       6.845861818884e-01       2.715837219567e-02 
       6.876872089143e-01       2.688586369786e-02 
       6.907882359997e-01       2.661723832948e-02 
       6.938892631440e-01       2.635263257415e-02 
       6.969902903463e-01       2.609167102175e-02 
       7.000913176059e-01       2.583448915137e-02 
       7.031923449220e-01       2.558073437195e-02 
       7.062933722939e-01       2.533001388950e-02 
       7.093943997207e-01       2.508259739328e-02 
       7.124954272019e-01       2.483824301189e-02 
       7.155964547367e-01       2.459731500566e-02 
       7.186974823243e-01       2.435978112483e-02 
       7.217985099642e-01       2.412557149317e-02 
       7.248995376556e-01       2.389459441381e-02 
       7.280005653980e-01       2.366667459342e-02 
       7.464455758911e-01       2.237099904485e-02 
       7.651667369904e-01       2.115572385434e-02 
       7.841776807609e-01       2.001370336911e-02 
       8.034934157474e-01       1.893920609213e-02 
       8.231301148749e-01       1.792770972827e-02 
       8.431049009566e-01       1.697421244126e-02 
       8.634356369493e-01       1.607478134934e-02 
       8.841407269858e-01       1.522588667987e-02 
       9.052389330669e-01       1.442386246378e-02 
       9.267492111720e-01       1.366540811049e-02 
       9.486905694695e-01       1.294774146363e-02 
       9.710819503027e-01       1.226830957729e-02 
       9.939421366890e-01       1.162470921393e-02 
       1.017289683224e+00       1.101484761072e-02 
       1.041142870509e+00       1.043676061186e-02 
       1.065519681575e+00       9.888654114890e-03 
       1.090437798200e+00       9.368874086870e-03 
       1.115914614608e+00       8.875911076980e-03 
       1.141967265759e+00       8.408330366968e-03 
       1.168612667242e+00       7.964780599155e-03 
       1.195867563839e+00       7.543975172327e-03 
       1.223748583886e+00       7.144725367228e-03 
       1.252272296823e+00       6.765939544672e-03 
       1.281455271632e+00       6.406630002847e-03 
       1.311314134255e+00       6.065856217009e-03 
       1.341865622465e+00       5.742676921698e-03 
       1.373126637132e+00       5.436109484109e-03 
       1.405114289159e+00       5.145423246688e-03 
       1.437845941780e+00       4.869844737332e-03 
       1.471339248146e+00       4.608490439347e-03 
       1.505612184415e+00       4.360712866709e-03 
       1.540683078698e+00       4.125900514389e-03 
       1.576570636332e+00       3.903281303499e-03 
       1.613293962009e+00       3.692409495184e-03 
       1.650872579296e+00       3.492488589612e-03 
       1.689326448072e+00       3.303124906159e-03 
       1.728675980336e+00       3.123690968263e-03 
       1.768942054827e+00       2.953698286200e-03 
       1.810146030777e+00       2.792718225581e-03 
       1.852309761107e+00       2.640245067717e-03 
       1.895455605294e+00       2.495846470839e-03 
       1.939606442072e+00       2.359105229148e-03 
       1.984785682127e+00       2.229653747414e-03 
       2.031017280857e+00       2.107093329744e-03 
       2.078325751307e+00       1.991076331729e-03 
       2.126736177300e+00       1.881257470026e-03 
       2.176274226817e+00       1.777315452957e-03 
       2.226966165660e+00       1.678951933794e-03 
       2.278838871403e+00       1.585866590611e-03 
       2.331919847661e+00       1.497793954252e-03 
       2.386237238680e+00       1.414476012949e-03 
       2.441819844264e+00       1.335657017688e-03 
       2.498697135050e+00       1.261094127290e-03 
       2.556899268129e+00       1.190569639729e-03 
       2.616457103044e+00       1.123878440183e-03 
       2.677402218149e+00       1.060794845099e-03 
       2.739766927348e+00       1.001157731157e-03 
       2.803584297238e+00       9.447667704811e-04 
       2.868888164632e+00       8.914541433653e-04 
       2.935713154505e+00       8.410567170968e-04 
       3.004094698352e+00       7.934123571824e-04 
       3.074069052971e+00       7.483794211527e-04 
       3.145673319693e+00       7.058172007150e-04 
       3.218945464046e+00       6.655960672005e-04 
       3.293924335892e+00       6.275887019872e-04 
       3.370649690021e+00       5.916762196564e-04 
       3.449162207232e+00       5.577462693726e-04 
       3.529503515900e+00       5.256885376131e-04 
       3.611716214051e+00       4.954043416632e-04 
       3.695843891945e+00       4.668034315871e-04 
       3.781931155191e+00       4.397849749240e-04 
       3.870023648395e+00       4.142699193562e-04 
       3.960168079364e+00       3.901742740230e-04 
       4.052412243867e+00       3.674216159336e-04 
       4.146805050982e+00       3.459377673385e-04 
       4.243396549024e+00       3.256530620457e-04 
       4.342237952085e+00       3.065038882469e-04 
       4.443381667184e+00       2.884266039378e-04 
       4.546881322058e+00       2.713633035510e-04 
       4.652791793594e+00       2.552580463136e-04 
       4.761169236926e+00       2.400590801757e-04 
       4.872071115209e+00       2.257174593026e-04 
       4.985556230087e+00       2.121834328569e-04 
       5.101684752870e+00       1.994134755492e-04 
       5.220518256437e+00       1.873668685895e-04 
       5.342119747886e+00       1.760015395437e-04 
       5.466553701937e+00       1.652826823963e-04 
       5.593886095118e+00       1.551720941969e-04 
       5.724184440751e+00       1.456373736531e-04 
       5.857517824743e+00       1.366466503252e-04 
       5.993956942219e+00       1.281692694664e-04 
       6.133574135006e+00       1.201760561465e-04 
       6.276443429986e+00       1.126415105054e-04 
       6.422640578351e+00       1.055406586524e-04 
       6.572243095764e+00       9.884821898745e-05 
       6.725330303461e+00       9.254240541333e-05 
       6.881983370305e+00       8.660134415139e-05 
       7.042285355826e+00       8.100364259077e-05 
       7.206321254258e+00       7.573269676938e-05 
       7.374178039606e+00       7.076756981768e-05 
       7.545944711760e+00       6.609319426122e-05 
       7.721712343682e+00       6.169333088663e-05 
       7.901574129697e+00       5.755159938228e-05 
       8.085625434906e+00       5.365503949660e-05 
       8.273963845747e+00       4.998889084907e-05 
       8.466689221737e+00       4.654087621057e-05 
       8.663903748422e+00       4.329897264326e-05 
       8.865711991556e+00       4.025124567323e-05 
       9.072220952538e+00       3.738791163453e-05 
       9.283540125155e+00       3.469791724034e-05 
       9.499781553628e+00       3.217230266454e-05 
       9.721059892026e+00       2.980126043757e-05 
       9.947492465052e+00       2.757651442902e-05 
       1.017919933025e+01       2.549035070241e-05 
       1.041630334168e+01       2.353464622980e-05 
       1.065893021501e+01       2.170255623303e-05 
       1.090720859423e+01       1.998710558680e-05 
       1.116127011982e+01       1.838165038876e-05 
       1.142124949856e+01       1.688084412364e-05 
       1.168728457497e+01       1.547823251570e-05 
       1.195951640436e+01       1.416864657819e-05 
       1.223808932764e+01       1.294705588449e-05 
       1.252315104788e+01       1.180858619366e-05 
       1.281485270857e+01       1.074870430965e-05 
       1.311334897379e+01       9.763029332267e-06 
       1.341879811021e+01       8.847249233554e-06 
       1.373136207101e+01       7.998126071998e-06 
       1.405120658174e+01       7.211195769584e-06 
       1.437850122818e+01       6.483345148292e-06 
       1.471341954630e+01       5.811436943756e-06 
       1.505613911421e+01       5.191866085559e-06 
       1.540684164638e+01       4.622017366944e-06 
       1.576571308992e+01       4.098983334867e-06 
       1.613294372322e+01       3.619962146520e-06 
       1.650872825683e+01       3.182439297513e-06 
       1.689326593668e+01       2.783935104703e-06 
       1.728676064974e+01       2.422262625256e-06 
       1.768942103212e+01       2.094758683802e-06 
       1.810146057967e+01       1.799667620614e-06 
       1.852309776122e+01       1.534734617439e-06 
       1.895455613439e+01       1.298027244738e-06 
       1.939606446411e+01       1.087607560551e-06 
       1.984785684395e+01       9.017395299262e-07 
       2.031017282021e+01       7.386181993217e-07 
       2.078325751893e+01       5.965125564503e-07 
       2.126736177589e+01       4.738506739049e-07 
       2.176274226957e+01       3.691247642855e-07 
       2.226966165726e+01       2.806827819580e-07 
       2.278838871434e+01       2.071059334284e-07 
       2.331919847675e+01       1.471210118952e-07 
       2.386237238686e+01       9.933261143997e-08 
       2.441819844267e+01       6.245974148683e-08 
       2.498697135051e+01       3.527097011137e-08 
       2.556899268129e+01       1.659885982558e-08 
       2.616457103045e+01       5.333940437420e-09 
       2.677402218149e+01       4.157710728545e-10 
       2.739766927349e+01       8.447155563223e-10 
       2.803584297238e+01       5.684899883525e-09 
       2.868888164632e+01       1.404258711616e-08 
       2.935713154505e+01       2.511204841402e-08 
       3.004094698352e+01       3.812781184167e-08 
       3.074069052971e+01       5.239754423874e-08 
       3.145673319693e+01       6.732065564649e-08 
       3.218945464046e+01       8.229132387879e-08 
       3.293924335892e+01       9.683866796619e-08 
       3.370649690021e+01       1.105429929440e-07 
       3.449162207232e+01       1.230144006771e-07 
       3.529503515900e+01       1.340086355084e-07 
       3.611716214051e+01       1.432415067427e-07 
       3.695843891945e+01       1.505844282826e-07 
       3.781931155191e+01       1.559038696500e-07 
       3.870023648395e+01       1.591686557897e-07 
       3.960168079364e+01       1.603505962569e-07 
       4.052412243867e+01       1.595701416474e-07 
       4.146805050982e+01       1.568754768924e-07 
       4.243396549024e+01       1.523795529641e-07 
       4.342237952085e+01       1.463797093559e-07 
       4.443381667184e+01       1.389464768095e-07 
       4.546881322058e+01       1.303457883964e-07 
       4.652791793594e+01       1.208200882293e-07 
       4.761169236926e+01       1.106312791408e-07 
       4.872071115209e+01       9.995305870668e-08 
       4.985556230087e+01       8.911387002538e-08 
       5.101684752870e+01       7.830110290752e-08 
       5.220518256437e+01       6.772717283261e-08 
       5.342119747886e+01       5.757828833364e-08 
       5.466553701937e+01       4.805053780315e-08 
       5.593886095118e+01       3.925198467961e-08 
       5.724184440751e+01       3.129237189572e-08 
       5.857517824743e+01       2.426113740096e-08 
       5.993956942219e+01       1.816133487722e-08 
       6.133574135006e+01       1.305018542350e-08 
       6.276443429986e+01       8.881919000893e-09 
       6.422640578351e+01       5.625711535727e-09 
       6.572243095764e+01       3.207109298002e-09 
       6.725330303461e+01       1.540844869464e-09 
       6.881983370305e+01       5.301053762907e-10 
       7.042285355826e+01       6.446128159862e-11 
       7.206321254258e+01       3.181912489669e-11 
       7.374178039606e+01       3.207392405888e-10 
       7.545944711760e+01       8.245410644001e-10 
       7.721712343682e+01       1.448890886513e-09 
       7.901574129697e+01       2.103295096594e-09 
       8.085625434906e+01       2.721569042021e-09 
       8.273963845747e+01       3.248573655137e-09 
       8.466689221737e+01       3.645250433120e-09 
       8.663903748422e+01       3.892272045649e-09 
       8.865711991556e+01       3.980795966662e-09 
       9.072220952538e+01       3.917307206573e-09 
       9.283540125155e+01       3.718854282697e-09 
       9.499781553628e+01       3.409422325824e-09 
       9.721059892026e+01       3.019986908033e-09 
       9.947492465051e+01       2.581019861789e-09 
       1.017919933025e+02       2.123307097984e-09 
       1.041630334168e+02       1.675537593225e-09 
       1.065893021501e+02       1.260559473061e-09 
       1.090720859423e+02       8.962176150813e-10 
       1.116127011982e+02       5.936375082727e-10 
       1.142124949856e+02       3.577790910465e-10 
       1.168728457497e+02       1.877239724514e-10 
       1.195951640436e+02       7.786482584923e-11 
       1.223808932764e+02       1.909496136616e-11 
       1.252315104788e+02       1.667454555809e-13 
       1.281485270857e+02       9.073731192148e-12 
       1.311334897379e+02       3.423884398104e-11 
       1.341879811021e+02       6.568739615563e-11 
       1.373136207101e+02       9.542716566979e-11 
       1.405120658174e+02       1.179545832997e-10 
       1.437850122818e+02       1.304397165631e-10 
       1.471341954630e+02       1.321473223411e-10 
       1.505613911421e+02       1.241209638256e-10 
       1.540684164638e+02       1.088461559240e-10 
       1.576571308992e+02       8.898536545030e-11 
       1.613294372322e+02       6.763972447311e-11 
       1.650872825683e+02       4.730611675690e-11 
       1.689326593668e+02       2.993225231584e-11 
       1.728676064974e+02       1.651891614577e-11 
       1.768942103212e+02       7.413093337158e-12 
       1.810146057967e+02       2.221264862856e-12 
       1.852309776122e+02       1.674503009553e-13 
       1.895455613439e+02       2.454732289267e-13 
       1.939606446411e+02       1.447916880746e-12 
       1.984785684395e+02       2.945111140993e-12 
       2.031017282021e+02       4.161068983663e-12 
