# Matter power spectrum P(k) at redshift z=99
# for k=1.00899e-05 to 203.102 h/Mpc,
# number of wavenumbers equal to 845
#    1:k (h/Mpc)              2:P (Mpc/h)^3        
       1.008985923385e-05       8.602999896389e-03 
       2.251775554930e-05       1.859274192862e-02 
       3.498636120606e-05       2.838314402662e-02 
       4.752690065129e-05       3.808703551381e-02 
       6.017107953816e-05       4.776660452574e-02 
       7.295134796828e-05       5.746720920538e-02 
       8.590117159567e-05       6.722680167097e-02 
       9.905531396721e-05       7.707975517623e-02 
       1.124501335013e-04       8.705879133211e-02 
       1.261238985365e-04       9.719612385645e-02 
       1.401171238971e-04       1.075242304173e-01 
       1.544729323969e-04       1.180764313636e-01 
       1.692374446017e-04       1.288873786542e-01 
       1.844601999509e-04       1.399934822644e-01 
       2.001946119308e-04       1.514333189315e-01 
       2.164984593225e-04       1.632480291106e-01 
       2.334344144963e-04       1.754817149941e-01 
       2.510706081659e-04       1.881818465135e-01 
       2.694812277618e-04       2.013996660242e-01 
       2.887471434300e-04       2.151906097164e-01 
       3.089565513521e-04       2.296147159909e-01 
       3.302056183397e-04       2.447370206979e-01 
       3.525991041884e-04       2.606279310451e-01 
       3.762509288441e-04       2.773635317082e-01 
       4.012846398935e-04       2.950258174403e-01 
       4.278337223492e-04       3.137027944061e-01 
       4.560416776520e-04       3.334883997849e-01 
       4.860617833901e-04       3.544821925042e-01 
       5.180564314341e-04       3.767887253523e-01 
       5.521959331310e-04       4.005165427562e-01 
       5.886566802046e-04       4.257767306143e-01 
       6.276185644258e-04       4.526809367325e-01 
       6.692615935926e-04       4.813388642713e-01 
       7.137617004578e-04       5.118552273399e-01 
       7.612858262925e-04       5.443262387073e-01 
       8.119864673565e-04       5.788357812951e-01 
       8.659959883789e-04       6.154515056705e-01 
       9.234211117495e-04       6.542211055792e-01 
       9.843380585498e-04       6.951691493315e-01 
       1.048788822721e-03       7.382947493539e-01 
       1.116778987109e-03       7.835703940886e-01 
       1.188277341859e-03       8.309420438287e-01 
       1.263217364320e-03       8.803307481430e-01 
       1.341500404014e-03       9.316436145236e-01 
       1.423000230117e-03       9.847537758840e-01 
       1.507568477514e-03       1.039525743921e+00 
       1.595040487398e-03       1.095813341849e+00 
       1.685241075052e-03       1.153463899252e+00 
       1.777989849946e-03       1.212322035830e+00 
       1.873105833493e-03       1.272232938843e+00 
       1.970411241375e-03       1.333045058685e+00 
       2.069734401352e-03       1.394612074260e+00 
       2.170911854437e-03       1.456794419191e+00 
       2.273789735608e-03       1.519460263238e+00 
       2.378224553543e-03       1.582485923191e+00 
       2.484083493407e-03       1.645756227547e+00 
       2.591244358870e-03       1.709164200556e+00 
       2.699595254824e-03       1.772611336644e+00 
       2.809034094888e-03       1.836006678750e+00 
       2.919468000394e-03       1.899266881833e+00 
       3.030812641761e-03       1.962315389717e+00 
       3.142991559685e-03       2.025082542583e+00 
       3.255935492585e-03       2.087504194159e+00 
       3.369581728141e-03       2.149522213063e+00 
       3.483873490193e-03       2.211083431412e+00 
       3.598759367421e-03       2.272140095469e+00 
       3.714192786759e-03       2.332647835697e+00 
       3.830131532053e-03       2.392567429098e+00 
       3.946537306880e-03       2.451862532151e+00 
       4.063375339396e-03       2.510501516482e+00 
       4.180614026477e-03       2.568454535394e+00 
       4.298224614140e-03       2.625696440998e+00 
       4.416180911106e-03       2.682203774080e+00 
       4.534459032436e-03       2.737955586741e+00 
       4.653037170281e-03       2.792934297462e+00 
       4.771895388998e-03       2.847123534991e+00 
       4.891015442065e-03       2.900510475473e+00 
       5.010380608463e-03       2.953083007243e+00 
       5.129975546421e-03       3.004830471966e+00 
       5.249786162607e-03       3.055745932575e+00 
       5.369799495068e-03       3.105822017198e+00 
       5.490003608392e-03       3.155054917321e+00 
       5.610387499743e-03       3.203440316292e+00 
       5.730941014549e-03       3.250975487905e+00 
       5.851654770797e-03       3.297659729333e+00 
       5.972520090970e-03       3.343493727155e+00 
       6.093528940795e-03       3.388477732233e+00 
       6.214673874059e-03       3.432613924079e+00 
       6.335947982840e-03       3.475905655063e+00 
       6.457344852562e-03       3.518355345945e+00 
       6.578858521367e-03       3.559969171194e+00 
       6.700483443346e-03       3.600751694144e+00 
       6.822214455222e-03       3.640707378712e+00 
       6.944046746129e-03       3.679843627323e+00 
       7.065975830168e-03       3.718167477039e+00 
       7.187997521452e-03       3.755684041264e+00 
       7.310107911398e-03       3.792403792694e+00 
       7.432303348035e-03       3.828333867153e+00 
       7.554580417124e-03       3.863482133159e+00 
       7.676935924931e-03       3.897855213850e+00 
       7.799366882465e-03       3.931463742292e+00 
       7.921870491067e-03       3.964316496514e+00 
       8.044444129208e-03       3.996421990812e+00 
       8.167085340379e-03       4.027789637476e+00 
       8.289791821990e-03       4.058427504696e+00 
       8.412561415158e-03       4.088346429654e+00 
       8.535392095331e-03       4.117554775381e+00 
       8.658281963652e-03       4.146061542990e+00 
       8.781229239010e-03       4.173875218584e+00 
       8.904232250708e-03       4.201007639618e+00 
       9.027289431704e-03       4.227465447478e+00 
       9.150399312368e-03       4.253257858787e+00 
       9.273560514714e-03       4.278394659457e+00 
       9.396771747065e-03       4.302884216335e+00 
       9.520031799123e-03       4.326734806147e+00 
       9.643339537395e-03       4.349956325712e+00 
       9.766693900965e-03       4.372554895923e+00 
       9.890093897566e-03       4.394541329045e+00 
       1.001353859994e-02       4.415923702934e+00 
       1.013702714247e-02       4.436707758673e+00 
       1.026055871802e-02       4.456902887925e+00 
       1.038413257505e-02       4.476516388103e+00 
       1.050774801489e-02       4.495559112249e+00 
       1.063140438921e-02       4.514031707561e+00 
       1.075510109773e-02       4.531949454674e+00 
       1.087883758598e-02       4.549314439571e+00 
       1.100261334330e-02       4.566133419338e+00 
       1.112642790095e-02       4.582415095711e+00 
       1.125028083038e-02       4.598166764808e+00 
       1.137417174154e-02       4.613393887980e+00 
       1.149810028141e-02       4.628104823472e+00 
       1.162206613256e-02       4.642302717614e+00 
       1.174606901183e-02       4.655997080764e+00 
       1.187010866910e-02       4.669193174819e+00 
       1.199418488617e-02       4.681897000044e+00 
       1.211829747567e-02       4.694113749808e+00 
       1.224244628010e-02       4.705851469387e+00 
       1.236663117090e-02       4.717114445714e+00 
       1.249085204757e-02       4.727908404730e+00 
       1.261510883696e-02       4.738240459603e+00 
       1.273940149246e-02       4.748113500473e+00 
       1.286372999336e-02       4.757537511150e+00 
       1.298809434421e-02       4.766513168550e+00 
       1.311249457428e-02       4.775049819474e+00 
       1.323693073698e-02       4.783149862290e+00 
       1.336140290942e-02       4.790820742626e+00 
       1.348591119193e-02       4.798068211680e+00 
       1.361045570765e-02       4.804895828398e+00 
       1.373503660222e-02       4.811309475649e+00 
       1.385965404336e-02       4.817315476217e+00 
       1.398430822064e-02       4.822916173409e+00 
       1.410899934517e-02       4.828120382919e+00 
       1.423372764937e-02       4.832928910047e+00 
       1.435849338678e-02       4.837351792039e+00 
       1.448329683185e-02       4.841388204929e+00 
       1.460813827981e-02       4.845048765520e+00 
       1.473301804651e-02       4.848336929385e+00 
       1.485793646835e-02       4.851255753139e+00 
       1.498289390217e-02       4.853808629505e+00 
       1.510789072521e-02       4.856007032656e+00 
       1.523292733507e-02       4.857849457502e+00 
       1.535800414968e-02       4.859342599972e+00 
       1.548312160735e-02       4.860493985357e+00 
       1.560828016672e-02       4.861306696715e+00 
       1.573348030688e-02       4.861780450328e+00 
       1.585872252741e-02       4.861925424556e+00 
       1.598400734844e-02       4.861746623771e+00 
       1.610933531079e-02       4.861244702931e+00 
       1.623470697605e-02       4.860430084126e+00 
       1.636012292677e-02       4.859304460893e+00 
       1.648558376655e-02       4.857869159571e+00 
       1.661109012028e-02       4.856132883512e+00 
       1.673664263428e-02       4.854100391694e+00 
       1.686224197652e-02       4.851770710229e+00 
       1.698788883685e-02       4.849155189864e+00 
       1.711358392725e-02       4.846251314244e+00 
       1.723932798205e-02       4.843070265924e+00 
       1.736512175823e-02       4.839611268180e+00 
       1.749096603570e-02       4.835880628113e+00 
       1.761686161762e-02       4.831879808120e+00 
       1.774280933070e-02       4.827623631089e+00 
       1.786881002554e-02       4.823099354730e+00 
       1.799486457700e-02       4.818325553794e+00 
       1.812097388457e-02       4.813299417986e+00 
       1.824713887274e-02       4.808022999019e+00 
       1.837336049141e-02       4.802505801860e+00 
       1.849963971633e-02       4.796750665943e+00 
       1.862597754953e-02       4.790755741488e+00 
       1.875237501977e-02       4.784531940952e+00 
       1.887883318301e-02       4.778079447568e+00 
       1.900535312294e-02       4.771406967967e+00 
       1.913193595143e-02       4.764510674739e+00 
       1.925858280911e-02       4.757400495315e+00 
       1.938529486592e-02       4.750073564041e+00 
       1.951207332163e-02       4.742541010511e+00 
       1.963891940648e-02       4.734800139346e+00 
       1.976583438176e-02       4.726866238218e+00 
       1.989281954046e-02       4.718722727616e+00 
       2.001987620788e-02       4.710388852471e+00 
       2.014700574237e-02       4.701867501326e+00 
       2.027420953594e-02       4.693153884653e+00 
       2.040148901504e-02       4.684257463741e+00 
       2.052884564128e-02       4.675179536120e+00 
       2.065628091220e-02       4.665926118267e+00 
       2.078379636203e-02       4.656499931018e+00 
       2.091139356253e-02       4.646901689483e+00 
       2.103907412384e-02       4.637128664131e+00 
       2.116683969530e-02       4.627202550099e+00 
       2.129469196640e-02       4.617104636860e+00 
       2.142263266765e-02       4.606848590757e+00 
       2.155066357157e-02       4.596449382776e+00 
       2.167878649364e-02       4.585900328963e+00 
       2.180700329333e-02       4.575187795296e+00 
       2.193531587513e-02       4.564339367010e+00 
       2.206372618964e-02       4.553343960162e+00 
       2.219223623466e-02       4.542211707669e+00 
       2.232084805636e-02       4.530948197594e+00 
       2.244956375042e-02       4.519546519935e+00 
       2.257838546331e-02       4.508010755669e+00 
       2.270731539347e-02       4.496355502772e+00 
       2.283635579267e-02       4.484571412003e+00 
       2.296550896730e-02       4.472655903187e+00 
       2.309477727980e-02       4.460641608763e+00 
       2.322416315002e-02       4.448502108666e+00 
       2.335366905675e-02       4.436250063252e+00 
       2.348329753921e-02       4.423885593045e+00 
       2.361305119861e-02       4.411410465129e+00 
       2.374293269977e-02       4.398831964613e+00 
       2.387294477280e-02       4.386157317849e+00 
       2.400309021484e-02       4.373373766569e+00 
       2.413337189178e-02       4.360503068649e+00 
       2.426379274017e-02       4.347535150747e+00 
       2.439435576908e-02       4.334465245701e+00 
       2.452506406208e-02       4.321315569002e+00 
       2.465592077927e-02       4.308072725317e+00 
       2.478692915937e-02       4.294756854003e+00 
       2.491809252189e-02       4.281347956432e+00 
       2.504941426942e-02       4.267858415763e+00 
       2.518089788986e-02       4.254293475900e+00 
       2.531254695892e-02       4.240655800024e+00 
       2.544436514254e-02       4.226948134591e+00 
       2.557635619949e-02       4.213155702900e+00 
       2.570852398403e-02       4.199312843035e+00 
       2.584087244865e-02       4.185401243637e+00 
       2.597340564696e-02       4.171412735095e+00 
       2.610612773662e-02       4.157373318789e+00 
       2.623904298241e-02       4.143271949567e+00 
       2.637215575941e-02       4.129109489562e+00 
       2.650547055630e-02       4.114899997957e+00 
       2.663899197875e-02       4.100622588895e+00 
       2.677272475300e-02       4.086307853030e+00 
       2.690667372948e-02       4.071939998274e+00 
       2.704084388668e-02       4.057513818464e+00 
       2.717524033506e-02       4.043053371574e+00 
       2.730986832117e-02       4.028555374697e+00 
       2.744473323193e-02       4.014007853385e+00 
       2.757984059904e-02       3.999407475831e+00 
       2.771519610360e-02       3.984783733594e+00 
       2.785080558089e-02       3.970130121483e+00 
       2.798667502534e-02       3.955419980417e+00 
       2.812281059571e-02       3.940695704250e+00 
       2.825921862046e-02       3.925922630098e+00 
       2.839590560337e-02       3.911134749289e+00 
       2.853287822937e-02       3.896314862841e+00 
       2.867014337060e-02       3.881460127518e+00 
       2.880770809274e-02       3.866587093417e+00 
       2.894557966159e-02       3.851697541072e+00 
       2.908376554997e-02       3.836776252279e+00 
       2.922227344485e-02       3.821839741222e+00 
       2.936111125486e-02       3.806874840472e+00 
       2.950028711803e-02       3.791900272739e+00 
       2.963980940998e-02       3.776902378236e+00 
       2.977968675242e-02       3.761887773371e+00 
       2.991992802197e-02       3.746864340512e+00 
       3.006054235952e-02       3.731831606206e+00 
       3.020153917986e-02       3.716780748812e+00 
       3.034292818185e-02       3.701723628566e+00 
       3.048471935906e-02       3.686652260557e+00 
       3.062692301082e-02       3.671565156866e+00 
       3.076954975391e-02       3.656502207526e+00 
       3.091261053472e-02       3.641415849271e+00 
       3.105611664203e-02       3.626324675824e+00 
       3.120007972039e-02       3.611230420593e+00 
       3.134451178417e-02       3.596118456194e+00 
       3.148942523232e-02       3.581021955275e+00 
       3.163483286384e-02       3.565923701428e+00 
       3.178074789403e-02       3.550828857387e+00 
       3.192718397158e-02       3.535721528025e+00 
       3.207415519655e-02       3.520624356339e+00 
       3.222167613928e-02       3.505534028170e+00 
       3.236976186026e-02       3.490434520052e+00 
       3.251842793110e-02       3.475366967900e+00 
       3.266769045662e-02       3.460266035953e+00 
       3.281756609808e-02       3.445201334784e+00 
       3.296807209781e-02       3.430118227324e+00 
       3.311922630503e-02       3.415055267467e+00 
       3.327104720329e-02       3.400016077558e+00 
       3.342355393934e-02       3.384961004931e+00 
       3.357676635374e-02       3.369906392284e+00 
       3.373070501315e-02       3.354887830080e+00 
       3.388539124463e-02       3.339868026025e+00 
       3.404084717188e-02       3.324856579645e+00 
       3.419709575366e-02       3.309853141204e+00 
       3.435416082463e-02       3.294872044284e+00 
       3.451206713858e-02       3.279898020365e+00 
       3.467084041444e-02       3.264927051854e+00 
       3.483050738512e-02       3.249953148947e+00 
       3.499109584951e-02       3.235006973344e+00 
       3.515263472782e-02       3.220091355677e+00 
       3.531515412053e-02       3.205164853460e+00 
       3.547868537122e-02       3.190256072357e+00 
       3.564326113364e-02       3.175362505040e+00 
       3.580891544335e-02       3.160473764779e+00 
       3.597568379423e-02       3.145601656768e+00 
       3.614360322038e-02       3.130745226619e+00 
       3.631271238380e-02       3.115888726113e+00 
       3.648305166828e-02       3.101053165197e+00 
       3.665466328025e-02       3.086226603157e+00 
       3.682759135694e-02       3.071418204644e+00 
       3.700188208264e-02       3.056612998510e+00 
       3.717758381384e-02       3.041818581098e+00 
       3.735474721393e-02       3.027038915082e+00 
       3.753342539844e-02       3.012253757778e+00 
       3.771367409180e-02       2.997491641330e+00 
       3.789555179669e-02       2.982740633440e+00 
       3.807911997726e-02       2.967986269306e+00 
       3.826444325751e-02       2.953249933048e+00 
       3.845158963647e-02       2.938518202321e+00 
       3.864063072175e-02       2.923791198975e+00 
       3.883164198345e-02       2.909064723905e+00 
       3.902470303062e-02       2.894344983166e+00 
       3.921989791253e-02       2.879627276023e+00 
       3.941731544758e-02       2.864909050282e+00 
       3.961704958289e-02       2.850190721432e+00 
       3.981919978798e-02       2.835476321150e+00 
       4.002387148648e-02       2.820760650888e+00 
       4.023117653032e-02       2.806037955664e+00 
       4.044123372141e-02       2.791307374658e+00 
       4.065416938658e-02       2.776573241208e+00 
       4.087011801240e-02       2.761829849861e+00 
       4.108922294733e-02       2.747076098735e+00 
       4.131163717982e-02       2.732305848630e+00 
       4.153752420241e-02       2.717524659349e+00 
       4.176705897322e-02       2.702730973570e+00 
       4.200042898802e-02       2.687909265748e+00 
       4.223783547839e-02       2.673073265337e+00 
       4.247949475379e-02       2.658208369807e+00 
       4.272563970839e-02       2.643314321449e+00 
       4.297652151713e-02       2.628391199822e+00 
       4.323241154967e-02       2.613423272206e+00 
       4.349360353592e-02       2.598430220701e+00 
       4.376041602319e-02       2.583385701454e+00 
       4.403319517213e-02       2.568297776088e+00 
       4.431231794788e-02       2.553159085969e+00 
       4.459819577357e-02       2.537961192286e+00 
       4.489127872701e-02       2.522700257278e+00 
       4.519206037738e-02       2.507365190745e+00 
       4.550108337953e-02       2.491964602145e+00 
       4.581894596815e-02       2.476485336407e+00 
       4.614630952536e-02       2.460905043803e+00 
       4.648390743429e-02       2.445214138666e+00 
       4.683255547970e-02       2.429432663646e+00 
       4.719316411816e-02       2.413528091664e+00 
       4.756675301773e-02       2.397482927221e+00 
       4.795446836503e-02       2.381313472022e+00 
       4.835760356241e-02       2.364993825117e+00 
       4.877762409663e-02       2.348479481874e+00 
       4.921619756285e-02       2.331765548756e+00 
       4.967523008562e-02       2.314815804253e+00 
       5.015691070604e-02       2.297620679689e+00 
       5.066376571717e-02       2.280146686470e+00 
       5.119872544391e-02       2.262338083971e+00 
       5.176520658853e-02       2.244176629494e+00 
       5.236721399178e-02       2.225590186256e+00 
       5.300946644312e-02       2.206506216856e+00 
       5.369755187007e-02       2.186838797545e+00 
       5.443811751592e-02       2.166481859233e+00 
       5.523909986870e-02       2.145293323041e+00 
       5.610999570581e-02       2.123080459114e+00 
       5.706216694303e-02       2.099593331628e+00 
       5.810915312358e-02       2.074514311249e+00 
       5.926692834861e-02       2.047383607671e+00 
       6.055397337690e-02       2.017604143029e+00 
       6.199093019779e-02       1.984368617293e+00 
       6.359947941573e-02       1.946620357587e+00 
       6.540001143586e-02       1.903071590262e+00 
       6.740785584535e-02       1.852263578979e+00 
       6.962856954584e-02       1.792844016276e+00 
       7.205402576627e-02       1.723972107060e+00 
       7.466181558845e-02       1.645827791409e+00 
       7.741925945704e-02       1.559915621007e+00 
       8.029037151845e-02       1.468997725779e+00 
       8.324228136121e-02       1.376620431959e+00 
       8.624873568324e-02       1.286490397696e+00 
       8.929066763551e-02       1.201905102928e+00 
       9.235510012400e-02       1.125370915745e+00 
       9.543357075755e-02       1.058436760751e+00 
       9.852071039889e-02       1.001698378976e+00 
       1.016131705669e-01       9.548851103680e-01 
       1.047088850236e-01       9.170573173476e-01 
       1.078065869652e-01       8.867558226745e-01 
       1.109055026927e-01       8.622012445018e-01 
       1.140051606950e-01       8.414610229080e-01 
       1.171052739291e-01       8.226281381894e-01 
       1.202056676986e-01       8.039786494863e-01 
       1.233062356398e-01       7.841166509254e-01 
       1.264069129232e-01       7.620910625194e-01 
       1.295076599588e-01       7.374446228068e-01 
       1.326084524970e-01       7.102147707838e-01 
       1.357092756157e-01       6.808649134140e-01 
       1.388101200703e-01       6.501746813223e-01 
       1.419109800763e-01       6.190998731071e-01 
       1.450118519627e-01       5.886396619337e-01 
       1.481127333536e-01       5.597085575770e-01 
       1.512136226708e-01       5.330609063618e-01 
       1.543145188302e-01       5.092162090483e-01 
       1.574154210577e-01       4.884310692083e-01 
       1.605163287752e-01       4.707393061357e-01 
       1.636172415321e-01       4.559434486583e-01 
       1.667181589622e-01       4.436768077001e-01 
       1.698190807569e-01       4.334156268725e-01 
       1.729200066488e-01       4.246144527647e-01 
       1.760209364009e-01       4.166915350759e-01 
       1.791218697997e-01       4.091613362159e-01 
       1.822228066506e-01       4.014263373639e-01 
       1.853237467746e-01       3.930957811853e-01 
       1.884246900064e-01       3.839216546486e-01 
       1.915256361923e-01       3.738210153355e-01 
       1.946265851889e-01       3.628659322168e-01 
       1.977275368625e-01       3.512563012827e-01 
       2.008284910877e-01       3.392754080109e-01 
       2.039294477471e-01       3.272437182483e-01 
       2.070304067303e-01       3.154694840594e-01 
       2.101313679336e-01       3.042220986998e-01 
       2.132323312595e-01       2.937197173642e-01 
       2.163332966159e-01       2.841087726723e-01 
       2.194342639162e-01       2.754746219281e-01 
       2.225352330786e-01       2.678390192368e-01 
       2.256362040257e-01       2.611440380423e-01 
       2.287371766844e-01       2.552973504836e-01 
       2.318381509857e-01       2.501427192060e-01 
       2.349391268640e-01       2.454996927839e-01 
       2.380401042573e-01       2.411708884426e-01 
       2.411410831068e-01       2.369753065684e-01 
       2.442420633567e-01       2.327586945517e-01 
       2.473430449540e-01       2.284047669935e-01 
       2.504440278483e-01       2.238377100328e-01 
       2.535450119918e-01       2.190276469869e-01 
       2.566459973389e-01       2.139797071973e-01 
       2.597469838462e-01       2.087385347179e-01 
       2.628479714724e-01       2.033722882491e-01 
       2.659489601782e-01       1.979720986892e-01 
       2.690499499260e-01       1.926372617570e-01 
       2.721509406800e-01       1.874688831623e-01 
       2.752519324060e-01       1.825506205398e-01 
       2.783529250714e-01       1.779441177679e-01 
       2.814539186449e-01       1.736819961052e-01 
       2.845549130966e-01       1.697737715289e-01 
       2.876559083981e-01       1.662005480808e-01 
       2.907569045219e-01       1.629300401822e-01 
       2.938579014420e-01       1.599118691617e-01 
       2.969588991332e-01       1.570955282651e-01 
       3.000598975715e-01       1.544244273123e-01 
       3.031608967339e-01       1.518421558080e-01 
       3.062618965982e-01       1.492964103053e-01 
       3.093628971433e-01       1.467433328753e-01 
       3.124638983487e-01       1.441506536498e-01 
       3.155649001950e-01       1.415028126777e-01 
       3.186659026633e-01       1.387987651622e-01 
       3.217669057355e-01       1.360521842237e-01 
       3.248679093943e-01       1.332843601054e-01 
       3.279689136230e-01       1.305225312637e-01 
       3.310699184054e-01       1.277947969054e-01 
       3.341709237261e-01       1.251276037371e-01 
       3.372719295702e-01       1.225444074261e-01 
       3.403729359232e-01       1.200659301715e-01 
       3.434739427715e-01       1.177048061764e-01 
       3.465749501015e-01       1.154716501105e-01 
       3.496759579004e-01       1.133672454560e-01 
       3.527769661558e-01       1.113832528307e-01 
       3.558779748558e-01       1.095067595621e-01 
       3.589789839887e-01       1.077191715484e-01 
       3.620799935433e-01       1.059993941872e-01 
       3.651810035090e-01       1.043281035712e-01 
       3.682820138752e-01       1.026895405285e-01 
       3.713830246319e-01       1.010708578875e-01 
       3.744840357693e-01       9.946298628254e-02 
       3.775850472781e-01       9.785981017350e-02 
       3.806860591491e-01       9.625813779887e-02 
       3.837870713735e-01       9.465805671677e-02 
       3.868880839427e-01       9.306221901268e-02 
       3.899890968486e-01       9.147691957520e-02 
       3.930901100830e-01       8.991006450586e-02 
       3.961911236384e-01       8.837166008676e-02 
       3.992921375071e-01       8.686927720100e-02 
       4.023931516818e-01       8.540966283733e-02 
       4.054941661557e-01       8.399638092885e-02 
       4.085951809217e-01       8.263119332047e-02 
       4.116961959733e-01       8.131326666754e-02 
       4.147972113040e-01       8.004215550252e-02 
       4.178982269077e-01       7.881539402851e-02 
       4.209992427782e-01       7.763058447018e-02 
       4.241002589097e-01       7.648404059788e-02 
       4.272012752965e-01       7.537079434899e-02 
       4.303022919330e-01       7.428461615969e-02 
       4.334033088139e-01       7.321948294205e-02 
       4.365043259339e-01       7.217051734496e-02 
       4.396053432879e-01       7.113414108487e-02 
       4.427063608711e-01       7.010821278356e-02 
       4.458073786786e-01       6.909248291695e-02 
       4.489083967058e-01       6.808730800645e-02 
       4.520094149481e-01       6.709361067000e-02 
       4.551104334010e-01       6.611229979229e-02 
       4.582114520605e-01       6.514454600065e-02 
       4.613124709221e-01       6.419206560420e-02 
       4.644134899819e-01       6.325742201688e-02 
       4.675145092360e-01       6.234307311133e-02 
       4.706155286804e-01       6.145164895434e-02 
       4.737165483114e-01       6.058429937206e-02 
       4.768175681254e-01       5.974124864470e-02 
       4.799185881188e-01       5.892162843523e-02 
       4.830196082881e-01       5.812365677547e-02 
       4.861206286300e-01       5.734503713637e-02 
       4.892216491411e-01       5.658390889298e-02 
       4.923226698183e-01       5.583886064778e-02 
       4.954236906585e-01       5.510816570017e-02 
       4.985247116585e-01       5.439051970545e-02 
       5.016257328155e-01       5.368452902367e-02 
       5.047267541264e-01       5.298851639197e-02 
       5.078277755885e-01       5.230122852894e-02 
       5.109287971991e-01       5.162211041171e-02 
       5.140298189553e-01       5.095146766409e-02 
       5.171308408547e-01       5.028992593300e-02 
       5.202318628946e-01       4.963872576592e-02 
       5.233328850725e-01       4.899854495850e-02 
       5.264339073859e-01       4.837019568003e-02 
       5.295349298326e-01       4.775361955668e-02 
       5.326359524101e-01       4.714850696146e-02 
       5.357369751162e-01       4.655481904829e-02 
       5.388379979486e-01       4.597263520713e-02 
       5.419390209052e-01       4.540218182803e-02 
       5.450400439839e-01       4.484349659303e-02 
       5.481410671825e-01       4.429640528645e-02 
       5.512420904991e-01       4.376034038130e-02 
       5.543431139316e-01       4.323420702112e-02 
       5.574441374781e-01       4.271715725773e-02 
       5.605451611368e-01       4.220840410787e-02 
       5.636461849057e-01       4.170736994717e-02 
       5.667472087831e-01       4.121417002326e-02 
       5.698482327671e-01       4.072862524898e-02 
       5.729492568561e-01       4.025065410656e-02 
       5.760502810483e-01       3.977992484114e-02 
       5.791513053420e-01       3.931598957579e-02 
       5.822523297358e-01       3.885845182741e-02 
       5.853533542278e-01       3.840727044653e-02 
       5.884543788167e-01       3.796261679744e-02 
       5.915554035008e-01       3.752486635654e-02 
       5.946564282787e-01       3.709442625685e-02 
       5.977574531490e-01       3.667155963802e-02 
       6.008584781101e-01       3.625601942974e-02 
       6.039595031606e-01       3.584760524189e-02 
       6.070605282993e-01       3.544587959884e-02 
       6.101615535247e-01       3.505059129034e-02 
       6.132625788356e-01       3.466162841251e-02 
       6.163636042306e-01       3.427909590025e-02 
       6.194646297084e-01       3.390296645111e-02 
       6.225656552679e-01       3.353307111607e-02 
       6.256666809078e-01       3.316904208292e-02 
       6.287677066270e-01       3.281040248971e-02 
       6.318687324242e-01       3.245674183847e-02 
       6.349697582983e-01       3.210782564390e-02 
       6.380707842481e-01       3.176362956144e-02 
       6.411718102727e-01       3.142437932574e-02 
       6.442728363709e-01       3.109014627985e-02 
       6.473738625416e-01       3.076095420959e-02 
       6.504748887838e-01       3.043663106771e-02 
       6.535759150964e-01       3.011696469293e-02 
       6.566769414786e-01       2.980166741293e-02 
       6.597779679293e-01       2.949071037586e-02 
       6.628789944474e-01       2.918415020644e-02 
       6.659800210322e-01       2.888219671881e-02 
       6.690810476827e-01       2.858491918215e-02 
       6.721820743978e-01       2.829233763477e-02 
       6.752831011769e-01       2.800419695591e-02 
       6.783841280189e-01       2.772023163927e-02 
       6.814851549230e-01       2.744018477314e-02 
       6.845861818884e-01       2.716393494288e-02 
       6.876872089143e-01       2.689144781755e-02 
       6.907882359997e-01       2.662283442162e-02 
       6.938892631440e-01       2.635812260167e-02 
       6.969902903463e-01       2.609730228191e-02 
       7.000913176059e-01       2.584006612152e-02 
       7.031923449220e-01       2.558628752294e-02 
       7.062933722939e-01       2.533561615949e-02 
       7.093943997207e-01       2.508815003191e-02 
       7.124954272019e-01       2.484387632340e-02 
       7.155964547367e-01       2.460290847150e-02 
       7.186974823243e-01       2.436535335434e-02 
       7.217985099642e-01       2.413121949556e-02 
       7.248995376556e-01       2.390031042938e-02 
       7.280005653980e-01       2.367238288956e-02 
       7.464455758911e-01       2.237674609588e-02 
       7.651667369904e-01       2.116145865113e-02 
       7.841776807609e-01       2.001957503145e-02 
       8.034934157474e-01       1.894523084048e-02 
       8.231301148749e-01       1.793365063592e-02 
       8.431049009566e-01       1.698013648822e-02 
       8.634356369493e-01       1.608080134781e-02 
       8.841407269858e-01       1.523193216910e-02 
       9.052389330669e-01       1.442995203570e-02 
       9.267492111720e-01       1.367150692772e-02 
       9.486905694695e-01       1.295395745384e-02 
       9.710819503027e-01       1.227451297015e-02 
       9.939421366890e-01       1.163094440785e-02 
       1.017289683224e+00       1.102111772597e-02 
       1.041142870509e+00       1.044307948636e-02 
       1.065519681575e+00       9.894994743906e-03 
       1.090437798200e+00       9.375261995772e-03 
       1.115914614608e+00       8.882316556245e-03 
       1.141967265759e+00       8.414739786013e-03 
       1.168612667242e+00       7.971225196066e-03 
       1.195867563839e+00       7.550434070690e-03 
       1.223748583886e+00       7.151211648726e-03 
       1.252272296823e+00       6.772432878578e-03 
       1.281455271632e+00       6.413135229685e-03 
       1.311314134255e+00       6.072386830330e-03 
       1.341865622465e+00       5.749205999403e-03 
       1.373126637132e+00       5.442639107486e-03 
       1.405114289159e+00       5.151972779570e-03 
       1.437845941780e+00       4.876398045559e-03 
       1.471339248146e+00       4.615038721348e-03 
       1.505612184415e+00       4.367298245501e-03 
       1.540683078698e+00       4.132471887819e-03 
       1.576570636332e+00       3.909857675384e-03 
       1.613293962009e+00       3.698964392091e-03 
       1.650872579296e+00       3.499049441794e-03 
       1.689326448072e+00       3.309679121033e-03 
       1.728675980336e+00       3.130230015317e-03 
       1.768942054827e+00       2.960232532143e-03 
       1.810146030777e+00       2.799242823006e-03 
       1.852309761107e+00       2.646747636859e-03 
       1.895455605294e+00       2.502322961565e-03 
       1.939606442072e+00       2.365572043915e-03 
       1.984785682127e+00       2.236104586403e-03 
       2.031017280857e+00       2.113515143315e-03 
       2.078325751307e+00       1.997471990935e-03 
       2.126736177300e+00       1.887633203391e-03 
       2.176274226817e+00       1.783668085426e-03 
       2.226966165660e+00       1.685273697419e-03 
       2.278838871403e+00       1.592160181787e-03 
       2.331919847661e+00       1.504056762590e-03 
       2.386237238680e+00       1.420702426787e-03 
       2.441819844264e+00       1.341848892487e-03 
       2.498697135050e+00       1.267248754270e-03 
       2.556899268129e+00       1.196680998055e-03 
       2.616457103044e+00       1.129951688837e-03 
       2.677402218149e+00       1.066826657701e-03 
       2.739766927348e+00       1.007140692916e-03 
       2.803584297238e+00       9.507052891955e-04 
       2.868888164632e+00       8.973409473882e-04 
       2.935713154505e+00       8.468908947024e-04 
       3.004094698352e+00       7.991933353732e-04 
       3.074069052971e+00       7.541034903164e-04 
       3.145673319693e+00       7.114880045569e-04 
       3.218945464046e+00       6.712064537842e-04 
       3.293924335892e+00       6.331380207850e-04 
       3.370649690021e+00       5.971612577557e-04 
       3.449162207232e+00       5.631680240144e-04 
       3.529503515900e+00       5.310473325927e-04 
       3.611716214051e+00       5.006941652529e-04 
       3.695843891945e+00       4.720189290374e-04 
       3.781931155191e+00       4.449278953096e-04 
       3.870023648395e+00       4.193397549455e-04 
       3.960168079364e+00       3.951662747851e-04 
       4.052412243867e+00       3.723334498726e-04 
       4.146805050982e+00       3.507689955488e-04 
       4.243396549024e+00       3.304034479455e-04 
       4.342237952085e+00       3.111692920873e-04 
       4.443381667184e+00       2.930051941573e-04 
       4.546881322058e+00       2.758553992307e-04 
       4.652791793594e+00       2.596612716341e-04 
       4.761169236926e+00       2.443708254782e-04 
       4.872071115209e+00       2.299340283892e-04 
       4.985556230087e+00       2.163060967146e-04 
       5.101684752870e+00       2.034385484517e-04 
       5.220518256437e+00       1.912935751319e-04 
       5.342119747886e+00       1.798291813580e-04 
       5.466553701937e+00       1.690079349610e-04 
       5.593886095118e+00       1.587932693091e-04 
       5.724184440751e+00       1.491542212233e-04 
       5.857517824743e+00       1.400569115462e-04 
       5.993956942219e+00       1.314738679336e-04 
       6.133574135006e+00       1.233721440781e-04 
       6.276443429986e+00       1.157285583206e-04 
       6.422640578351e+00       1.085172594938e-04 
       6.572243095764e+00       1.017133516291e-04 
       6.725330303461e+00       9.529491522534e-05 
       6.881983370305e+00       8.923998346904e-05 
       7.042285355826e+00       8.352848314884e-05 
       7.206321254258e+00       7.814228141805e-05 
       7.374178039606e+00       7.306297256017e-05 
       7.545944711760e+00       6.827303660701e-05 
       7.721712343682e+00       6.375673998744e-05 
       7.901574129697e+00       5.949975882916e-05 
       8.085625434906e+00       5.548789355684e-05 
       8.273963845747e+00       5.170696520674e-05 
       8.466689221737e+00       4.814386923525e-05 
       8.663903748422e+00       4.478790021708e-05 
       8.865711991556e+00       4.162699535045e-05 
       9.072220952538e+00       3.865075732901e-05 
       9.283540125155e+00       3.584875437954e-05 
       9.499781553628e+00       3.321270163300e-05 
       9.721059892026e+00       3.073386782528e-05 
       9.947492465052e+00       2.840206111043e-05 
       1.017919933025e+01       2.621125070153e-05 
       1.041630334168e+01       2.415322392578e-05 
       1.065893021501e+01       2.222100087134e-05 
       1.090720859423e+01       2.040835993808e-05 
       1.116127011982e+01       1.870889738880e-05 
       1.142124949856e+01       1.711694699184e-05 
       1.168728457497e+01       1.562661141132e-05 
       1.195951640436e+01       1.423347893249e-05 
       1.223808932764e+01       1.293165870389e-05 
       1.252315104788e+01       1.171752946231e-05 
       1.281485270857e+01       1.058612128617e-05 
       1.311334897379e+01       9.533777094649e-06 
       1.341879811021e+01       8.556267998181e-06 
       1.373136207101e+01       7.650012797224e-06 
       1.405120658174e+01       6.811800237763e-06 
       1.437850122818e+01       6.037958373373e-06 
       1.471341954630e+01       5.325452962339e-06 
       1.505613911421e+01       4.671362777398e-06 
       1.540684164638e+01       4.072605370361e-06 
       1.576571308992e+01       3.526719921417e-06 
       1.613294372322e+01       3.030899982861e-06 
       1.650872825683e+01       2.582514043780e-06 
       1.689326593668e+01       2.179258293101e-06 
       1.728676064974e+01       1.818695450197e-06 
       1.768942103212e+01       1.498331794539e-06 
       1.810146057967e+01       1.215948228401e-06 
       1.852309776122e+01       9.694858493447e-07 
       1.895455613439e+01       7.565594819014e-07 
       1.939606446411e+01       5.749845253947e-07 
       1.984785684395e+01       4.227151247805e-07 
       2.031017282021e+01       2.975752587290e-07 
       2.078325751893e+01       1.974659222874e-07 
       2.126736177589e+01       1.202961445477e-07 
       2.176274226957e+01       6.400126198969e-08 
       2.226966165726e+01       2.654337793178e-08 
       2.278838871434e+01       5.889737561229e-09 
       2.331919847675e+01       2.921863977140e-11 
       2.386237238686e+01       6.993576281665e-09 
       2.441819844267e+01       2.483013057938e-08 
       2.498697135051e+01       5.167044638876e-08 
       2.556899268129e+01       8.564334143922e-08 
       2.616457103045e+01       1.249869174787e-07 
       2.677402218149e+01       1.679963145582e-07 
       2.739766927349e+01       2.130596190664e-07 
       2.803584297238e+01       2.586239198907e-07 
       2.868888164632e+01       3.032435857784e-07 
       2.935713154505e+01       3.458628171662e-07 
       3.004094698352e+01       3.851788119771e-07 
       3.074069052971e+01       4.199474196363e-07 
       3.145673319693e+01       4.498013217880e-07 
       3.218945464046e+01       4.737399404529e-07 
       3.293924335892e+01       4.913829268167e-07 
       3.370649690021e+01       5.023689117848e-07 
       3.449162207232e+01       5.065647375918e-07 
       3.529503515900e+01       5.040273422627e-07 
       3.611716214051e+01       4.949259422061e-07 
       3.695843891945e+01       4.796420564713e-07 
       3.781931155191e+01       4.586972278346e-07 
       3.870023648395e+01       4.327503890577e-07 
       3.960168079364e+01       4.025668543306e-07 
       4.052412243867e+01       3.689399426511e-07 
       4.146805050982e+01       3.328635167223e-07 
       4.243396549024e+01       2.952719054025e-07 
       4.342237952085e+01       2.571440472399e-07 
       4.443381667184e+01       2.193771918890e-07 
       4.546881322058e+01       1.828918118504e-07 
       4.652791793594e+01       1.484929042591e-07 
       4.761169236926e+01       1.168528603746e-07 
       4.872071115209e+01       8.856386755061e-08 
       4.985556230087e+01       6.405437455311e-08 
       5.101684752870e+01       4.355813684291e-08 
       5.220518256437e+01       2.723309570726e-08 
       5.342119747886e+01       1.496652132886e-08 
       5.466553701937e+01       6.596420039867e-09 
       5.593886095118e+01       1.767549343350e-09 
       5.724184440751e+01       2.738273759486e-11 
       5.857517824743e+01       8.324623843142e-10 
       5.993956942219e+01       3.585568698063e-09 
       6.133574135006e+01       7.662440386107e-09 
       6.276443429986e+01       1.245229008025e-08 
       6.422640578351e+01       1.738274747196e-08 
       6.572243095764e+01       2.195504891644e-08 
       6.725330303461e+01       2.576168777602e-08 
       6.881983370305e+01       2.850461659177e-08 
       7.042285355826e+01       3.001147321188e-08 
       7.206321254258e+01       3.021718792511e-08 
       7.374178039606e+01       2.918246303540e-08 
       7.545944711760e+01       2.706061061850e-08 
       7.721712343682e+01       2.407519432946e-08 
       7.901574129697e+01       2.050660809314e-08 
       8.085625434906e+01       1.665228302322e-08 
       8.273963845747e+01       1.280405922872e-08 
       8.466689221737e+01       9.221113199236e-09 
       8.663903748422e+01       6.108485675329e-09 
       8.865711991556e+01       3.606646312605e-09 
       9.072220952538e+01       1.781988698911e-09 
       9.283540125155e+01       6.302588383021e-10 
       9.499781553628e+01       8.359946213786e-11 
       9.721059892026e+01       2.759765092328e-11 
       9.947492465051e+01       3.173161487262e-10 
       1.017919933025e+02       7.988568385590e-10 
       1.041630334168e+02       1.330282487687e-09 
       1.065893021501e+02       1.793476658521e-09 
       1.090720859423e+02       2.102866359345e-09 
       1.116127011982e+02       2.223978402467e-09 
       1.142124949856e+02       2.149454304956e-09 
       1.168728457497e+02       1.914387776822e-09 
       1.195951640436e+02       1.565910201466e-09 
       1.223808932764e+02       1.170592489610e-09 
       1.252315104788e+02       7.823382395249e-10 
       1.281485270857e+02       4.530073309631e-10 
       1.311334897379e+02       2.106849335617e-10 
       1.341879811021e+02       6.355533303858e-11 
       1.373136207101e+02       4.103519528348e-12 
       1.405120658174e+02       9.786199746059e-12 
       1.437850122818e+02       5.368692799401e-11 
       1.471341954630e+02       1.069446906952e-10 
       1.505613911421e+02       1.500707068143e-10 
       1.540684164638e+02       1.705878979794e-10 
       1.576571308992e+02       1.655335564108e-10 
       1.613294372322e+02       1.395333810509e-10 
       1.650872825683e+02       1.018782108978e-10 
       1.689326593668e+02       6.357043476159e-11 
       1.728676064974e+02       3.111224232825e-11 
       1.768942103212e+02       1.030532213917e-11 
       1.810146057967e+02       1.182910667115e-12 
       1.852309776122e+02       6.806448540786e-13 
       1.895455613439e+02       5.067724407964e-12 
       1.939606446411e+02       1.049796101886e-11 
       1.984785684395e+02       1.303662389523e-11 
       2.031017282021e+02       1.312597788766e-11 
