# Matter power spectrum P(k) at redshift z=99
# for k=1.00899e-05 to 203.102 h/Mpc,
# number of wavenumbers equal to 845
#    1:k (h/Mpc)              2:P (Mpc/h)^3        
       1.008985923246e-05       4.868469004153e-03 
       2.251775554681e-05       3.993297228975e-02 
       3.498636120247e-05       4.131544311170e-02 
       4.752690064658e-05       4.678383169324e-02 
       6.017107953230e-05       5.236091370679e-02 
       7.295134796122e-05       6.148123538159e-02 
       8.590117158737e-05       6.929707423491e-02 
       9.905531395762e-05       7.683809169681e-02 
       1.124501334903e-04       8.670143369973e-02 
       1.261238985241e-04       9.662006225788e-02 
       1.401171238832e-04       1.067426839515e-01 
       1.544729323814e-04       1.179927874625e-01 
       1.692374445844e-04       1.285084297002e-01 
       1.844601999316e-04       1.399771988178e-01 
       2.001946119095e-04       1.512330787939e-01 
       2.164984592990e-04       1.635572330152e-01 
       2.334344144703e-04       1.759481839379e-01 
       2.510706081373e-04       1.879889775357e-01 
       2.694812277303e-04       2.012349835906e-01 
       2.887471433953e-04       2.151255018753e-01 
       3.089565513139e-04       2.294882119026e-01 
       3.302056182976e-04       2.445115665614e-01 
       3.525991041420e-04       2.604222943291e-01 
       3.762509287930e-04       2.771465725461e-01 
       4.012846398372e-04       2.948586609238e-01 
       4.278337222871e-04       3.135501368463e-01 
       4.560416775835e-04       3.333021244931e-01 
       4.860617833145e-04       3.543275120635e-01 
       5.180564313506e-04       3.765842416211e-01 
       5.521959330390e-04       4.004410593518e-01 
       5.886566801031e-04       4.256934121720e-01 
       6.276185643138e-04       4.526033868859e-01 
       6.692615934693e-04       4.813104251235e-01 
       7.137617003222e-04       5.118089428082e-01 
       7.612858261435e-04       5.442859408455e-01 
       8.119864671933e-04       5.788239172487e-01 
       8.659959882004e-04       6.154371206617e-01 
       9.234211115549e-04       6.541806627148e-01 
       9.843380583383e-04       6.951445288816e-01 
       1.048788822492e-03       7.382723756927e-01 
       1.116778986862e-03       7.835288980749e-01 
       1.188277341593e-03       8.309176622828e-01 
       1.263217364035e-03       8.803129931117e-01 
       1.341500403710e-03       9.316235886818e-01 
       1.423000229794e-03       9.846986529920e-01 
       1.507568477172e-03       1.039507572031e+00 
       1.595040487038e-03       1.095794196261e+00 
       1.685241074673e-03       1.153435810278e+00 
       1.777989849548e-03       1.212295884683e+00 
       1.873105833077e-03       1.272213030171e+00 
       1.970411240942e-03       1.333027353516e+00 
       2.069734400901e-03       1.394586505583e+00 
       2.170911853969e-03       1.456767791633e+00 
       2.273789735124e-03       1.519439851982e+00 
       2.378224553043e-03       1.582458404722e+00 
       2.484083492891e-03       1.645733650050e+00 
       2.591244358339e-03       1.709139248910e+00 
       2.699595254278e-03       1.772584381457e+00 
       2.809034094327e-03       1.835976774683e+00 
       2.919467999818e-03       1.899235574480e+00 
       3.030812641171e-03       1.962288081579e+00 
       3.142991559080e-03       2.025052080195e+00 
       3.255935491967e-03       2.087471641937e+00 
       3.369581727509e-03       2.149490630761e+00 
       3.483873489548e-03       2.211052238201e+00 
       3.598759366763e-03       2.272106768409e+00 
       3.714192786088e-03       2.332613973962e+00 
       3.830131531369e-03       2.392534632600e+00 
       3.946537306183e-03       2.451827123863e+00 
       4.063375338686e-03       2.510466830731e+00 
       4.180614025754e-03       2.568417873707e+00 
       4.298224613405e-03       2.625659532791e+00 
       4.416180910359e-03       2.682166585103e+00 
       4.534459031676e-03       2.737916767859e+00 
       4.653037169509e-03       2.792894827903e+00 
       4.771895388214e-03       2.847084127866e+00 
       4.891015441268e-03       2.900470957943e+00 
       5.010380607654e-03       2.953042994401e+00 
       5.129975545600e-03       3.004790156886e+00 
       5.249786161774e-03       3.055705883871e+00 
       5.369799494223e-03       3.105782551518e+00 
       5.490003607537e-03       3.155015528184e+00 
       5.610387498875e-03       3.203399212532e+00 
       5.730941013670e-03       3.250934716989e+00 
       5.851654769906e-03       3.297620467956e+00 
       5.972520090068e-03       3.343454186134e+00 
       6.093528939880e-03       3.388438363881e+00 
       6.214673873133e-03       3.432574701976e+00 
       6.335947981903e-03       3.475868161287e+00 
       6.457344851613e-03       3.518319533263e+00 
       6.578858520406e-03       3.559933321912e+00 
       6.700483442374e-03       3.600714150380e+00 
       6.822214454238e-03       3.640670622806e+00 
       6.944046745134e-03       3.679804797548e+00 
       7.065975829162e-03       3.718128301162e+00 
       7.187997520434e-03       3.755648862960e+00 
       7.310107910369e-03       3.792370006874e+00 
       7.432303346994e-03       3.828296509950e+00 
       7.554580416073e-03       3.863443114696e+00 
       7.676935923868e-03       3.897819912851e+00 
       7.799366881390e-03       3.931428759840e+00 
       7.921870489981e-03       3.964276279298e+00 
       8.044444128110e-03       3.996384266893e+00 
       8.167085339271e-03       4.027750284102e+00 
       8.289791820870e-03       4.058388561753e+00 
       8.412561414027e-03       4.088311167005e+00 
       8.535392094189e-03       4.117516914388e+00 
       8.658281962499e-03       4.146023978163e+00 
       8.781229237845e-03       4.173838117444e+00 
       8.904232249532e-03       4.200970610156e+00 
       9.027289430517e-03       4.227428618348e+00 
       9.150399311170e-03       4.253219578488e+00 
       9.273560513504e-03       4.278360303514e+00 
       9.396771745844e-03       4.302849803584e+00 
       9.520031797891e-03       4.326702082887e+00 
       9.643339536152e-03       4.349923544186e+00 
       9.766693899711e-03       4.372520133834e+00 
       9.890093896300e-03       4.394505569939e+00 
       1.001353859866e-02       4.415888102964e+00 
       1.013702714118e-02       4.436677045204e+00 
       1.026055871672e-02       4.456870381997e+00 
       1.038413257374e-02       4.476484019681e+00 
       1.050774801356e-02       4.495526455116e+00 
       1.063140438788e-02       4.513997864475e+00 
       1.075510109639e-02       4.531914821483e+00 
       1.087883758462e-02       4.549280803406e+00 
       1.100261334193e-02       4.566099411169e+00 
       1.112642789957e-02       4.582383347149e+00 
       1.125028082899e-02       4.598132903582e+00 
       1.137417174014e-02       4.613364996278e+00 
       1.149810028000e-02       4.628070659611e+00 
       1.162206613114e-02       4.642272042531e+00 
       1.174606901039e-02       4.655962703176e+00 
       1.187010866765e-02       4.669159182888e+00 
       1.199418488471e-02       4.681864648153e+00 
       1.211829747421e-02       4.694080651441e+00 
       1.224244627863e-02       4.705817128069e+00 
       1.236663116941e-02       4.717076473767e+00 
       1.249085204607e-02       4.727875888256e+00 
       1.261510883545e-02       4.738208441979e+00 
       1.273940149094e-02       4.748081814320e+00 
       1.286372999182e-02       4.757505695201e+00 
       1.298809434267e-02       4.766481545517e+00 
       1.311249457272e-02       4.775018054668e+00 
       1.323693073542e-02       4.783118789060e+00 
       1.336140290784e-02       4.790787639006e+00 
       1.348591119034e-02       4.798038392805e+00 
       1.361045570605e-02       4.804866337924e+00 
       1.373503660061e-02       4.811278305670e+00 
       1.385965404174e-02       4.817283789515e+00 
       1.398430821901e-02       4.822885284366e+00 
       1.410899934352e-02       4.828085955337e+00 
       1.423372764771e-02       4.832897515874e+00 
       1.435849338511e-02       4.837319069230e+00 
       1.448329683018e-02       4.841358429895e+00 
       1.460813827812e-02       4.845018774843e+00 
       1.473301804481e-02       4.848305320365e+00 
       1.485793646664e-02       4.851222576910e+00 
       1.498289390044e-02       4.853778648136e+00 
       1.510789072347e-02       4.855975501897e+00 
       1.523292733332e-02       4.857818831074e+00 
       1.535800414793e-02       4.859311286227e+00 
       1.548312160558e-02       4.860460532834e+00 
       1.560828016494e-02       4.861273369644e+00 
       1.573348030509e-02       4.861743355591e+00 
       1.585872252561e-02       4.861897166515e+00 
       1.598400734663e-02       4.861724457799e+00 
       1.610933530897e-02       4.861216675362e+00 
       1.623470697422e-02       4.860399209815e+00 
       1.636012292492e-02       4.859278888035e+00 
       1.648558376469e-02       4.857841374776e+00 
       1.661109011841e-02       4.856103383254e+00 
       1.673664263240e-02       4.854070308739e+00 
       1.686224197463e-02       4.851741601728e+00 
       1.698788883495e-02       4.849120456133e+00 
       1.711358392534e-02       4.846223801036e+00 
       1.723932798012e-02       4.843031944099e+00 
       1.736512175629e-02       4.839586933819e+00 
       1.749096603375e-02       4.835852571536e+00 
       1.761686161566e-02       4.831858588999e+00 
       1.774280932873e-02       4.827590516176e+00 
       1.786881002356e-02       4.823071696670e+00 
       1.799486457501e-02       4.818297680872e+00 
       1.812097388257e-02       4.813269947508e+00 
       1.824713887072e-02       4.807998488040e+00 
       1.837336048938e-02       4.802479300144e+00 
       1.849963971429e-02       4.796721901823e+00 
       1.862597754748e-02       4.790728115972e+00 
       1.875237501771e-02       4.784504937614e+00 
       1.887883318094e-02       4.778057679860e+00 
       1.900535312085e-02       4.771381221436e+00 
       1.913193594933e-02       4.764490671004e+00 
       1.925858280700e-02       4.757374670330e+00 
       1.938529486380e-02       4.750050446849e+00 
       1.951207331950e-02       4.742512561275e+00 
       1.963891940434e-02       4.734774907831e+00 
       1.976583437961e-02       4.726832702058e+00 
       1.989281953829e-02       4.718696372885e+00 
       2.001987620571e-02       4.710362863570e+00 
       2.014700574018e-02       4.701842644010e+00 
       2.027420953374e-02       4.693118681127e+00 
       2.040148901283e-02       4.684234368797e+00 
       2.052884563906e-02       4.675155590386e+00 
       2.065628090997e-02       4.665899693968e+00 
       2.078379635978e-02       4.656462426788e+00 
       2.091139356027e-02       4.646862046203e+00 
       2.103907412157e-02       4.637100219482e+00 
       2.116683969302e-02       4.627172453501e+00 
       2.129469196411e-02       4.617077139016e+00 
       2.142263266535e-02       4.606834274611e+00 
       2.155066356926e-02       4.596431659043e+00 
       2.167878649131e-02       4.585873241002e+00 
       2.180700329099e-02       4.575160657083e+00 
       2.193531587278e-02       4.564311952809e+00 
       2.206372618728e-02       4.553323058331e+00 
       2.219223623229e-02       4.542190952025e+00 
       2.232084805397e-02       4.530926296617e+00 
       2.244956374803e-02       4.519518937602e+00 
       2.257838546090e-02       4.507989558860e+00 
       2.270731539105e-02       4.496329033219e+00 
       2.283635579024e-02       4.484542017976e+00 
       2.296550896486e-02       4.472641767558e+00 
       2.309477727734e-02       4.460616096861e+00 
       2.322416314755e-02       4.448471281959e+00 
       2.335366905427e-02       4.436222548299e+00 
       2.348329753672e-02       4.423857219511e+00 
       2.361305119611e-02       4.411387491994e+00 
       2.374293269725e-02       4.398810922503e+00 
       2.387294477028e-02       4.386131814739e+00 
       2.400309021230e-02       4.373353261845e+00 
       2.413337188923e-02       4.360473908104e+00 
       2.426379273761e-02       4.347506347973e+00 
       2.439435576651e-02       4.334443553103e+00 
       2.452506405949e-02       4.321290734798e+00 
       2.465592077667e-02       4.308051331571e+00 
       2.478692915676e-02       4.294727784106e+00 
       2.491809251927e-02       4.281320244961e+00 
       2.504941426679e-02       4.267833512709e+00 
       2.518089788722e-02       4.254270812790e+00 
       2.531254695627e-02       4.240638610331e+00 
       2.544436513988e-02       4.226921036576e+00 
       2.557635619681e-02       4.213139975575e+00 
       2.570852398133e-02       4.199287602257e+00 
       2.584087244594e-02       4.185369952421e+00 
       2.597340564424e-02       4.171391425626e+00 
       2.610612773389e-02       4.157349593303e+00 
       2.623904297966e-02       4.143246013864e+00 
       2.637215575665e-02       4.129087234793e+00 
       2.650547055353e-02       4.114872862364e+00 
       2.663899197597e-02       4.100603159166e+00 
       2.677272475021e-02       4.086284188872e+00 
       2.690667372668e-02       4.071914365299e+00 
       2.704084388387e-02       4.057497865864e+00 
       2.717524033223e-02       4.043034947076e+00 
       2.730986831833e-02       4.028527980732e+00 
       2.744473322907e-02       4.013979093564e+00 
       2.757984059617e-02       3.999391361637e+00 
       2.771519610072e-02       3.984763362199e+00 
       2.785080557800e-02       3.970099496367e+00 
       2.798667502244e-02       3.955401038182e+00 
       2.812281059279e-02       3.940669334798e+00 
       2.825921861753e-02       3.925905872808e+00 
       2.839590560043e-02       3.911112062602e+00 
       2.853287822642e-02       3.896290460177e+00 
       2.867014336763e-02       3.881441629868e+00 
       2.880770808975e-02       3.866567977872e+00 
       2.894557965859e-02       3.851670506202e+00 
       2.908376554696e-02       3.836750624387e+00 
       2.922227344183e-02       3.821810949103e+00 
       2.936111125182e-02       3.806851583504e+00 
       2.950028711498e-02       3.791872226514e+00 
       2.963980940692e-02       3.776878168769e+00 
       2.977968674934e-02       3.761868262856e+00 
       2.991992801888e-02       3.746844576195e+00 
       3.006054235642e-02       3.731809387352e+00 
       3.020153917674e-02       3.716759715353e+00 
       3.034292817872e-02       3.701702441076e+00 
       3.048471935591e-02       3.686634817747e+00 
       3.062692300766e-02       3.671561509233e+00 
       3.076954975073e-02       3.656478718560e+00 
       3.091261053153e-02       3.641392086927e+00 
       3.105611663883e-02       3.626298954004e+00 
       3.120007971717e-02       3.611202518619e+00 
       3.134451178094e-02       3.596105166926e+00 
       3.148942522908e-02       3.581004981624e+00 
       3.163483286058e-02       3.565903398875e+00 
       3.178074789075e-02       3.550802998006e+00 
       3.192718396829e-02       3.535703018155e+00 
       3.207415519325e-02       3.520606652443e+00 
       3.222167613596e-02       3.505511425138e+00 
       3.236976185693e-02       3.490419067777e+00 
       3.251842792776e-02       3.475332700122e+00 
       3.266769045326e-02       3.460250083021e+00 
       3.281756609471e-02       3.445174604027e+00 
       3.296807209441e-02       3.430104344219e+00 
       3.311922630162e-02       3.415042056830e+00 
       3.327104719986e-02       3.399984976828e+00 
       3.342355393590e-02       3.384937301616e+00 
       3.357676635028e-02       3.369899374082e+00 
       3.373070500968e-02       3.354867447244e+00 
       3.388539124115e-02       3.339847177652e+00 
       3.404084716838e-02       3.324835302179e+00 
       3.419709575014e-02       3.309833503171e+00 
       3.435416082110e-02       3.294845758023e+00 
       3.451206713503e-02       3.279867816195e+00 
       3.467084041087e-02       3.264900752852e+00 
       3.483050738153e-02       3.249943171073e+00 
       3.499109584590e-02       3.234997928564e+00 
       3.515263472420e-02       3.220066660252e+00 
       3.531515411689e-02       3.205145692371e+00 
       3.547868536756e-02       3.190237526237e+00 
       3.564326112997e-02       3.175339636076e+00 
       3.580891543966e-02       3.160454899070e+00 
       3.597568379052e-02       3.145583919190e+00 
       3.614360321665e-02       3.130724219541e+00 
       3.631271238005e-02       3.115872970569e+00 
       3.648305166451e-02       3.101036577896e+00 
       3.665466327647e-02       3.086210247541e+00 
       3.682759135313e-02       3.071397322253e+00 
       3.700188207881e-02       3.056592874664e+00 
       3.717758380999e-02       3.041799427403e+00 
       3.735474721006e-02       3.027015619120e+00 
       3.753342539455e-02       3.012243875131e+00 
       3.771367408789e-02       2.997478769002e+00 
       3.789555179276e-02       2.982722612386e+00 
       3.807911997330e-02       2.967974602963e+00 
       3.826444325354e-02       2.953233640777e+00 
       3.845158963247e-02       2.938499764999e+00 
       3.864063071773e-02       2.923769069299e+00 
       3.883164197941e-02       2.909046731529e+00 
       3.902470302655e-02       2.894325907085e+00 
       3.921989790844e-02       2.879608638197e+00 
       3.941731544346e-02       2.864891803652e+00 
       3.961704957874e-02       2.850175606246e+00 
       3.981919978381e-02       2.835460231528e+00 
       4.002387148228e-02       2.820741061249e+00 
       4.023117652610e-02       2.806018493566e+00 
       4.044123371716e-02       2.791290705311e+00 
       4.065416938230e-02       2.776555704954e+00 
       4.087011800810e-02       2.761813432032e+00 
       4.108922294299e-02       2.747060893863e+00 
       4.131163717545e-02       2.732294178879e+00 
       4.153752419801e-02       2.717512213939e+00 
       4.176705896879e-02       2.702715345764e+00 
       4.200042898355e-02       2.687896422037e+00 
       4.223783547389e-02       2.673054739350e+00 
       4.247949474925e-02       2.658192042931e+00 
       4.272563970381e-02       2.643298287295e+00 
       4.297652151252e-02       2.628371546265e+00 
       4.323241154501e-02       2.613411145017e+00 
       4.349360353122e-02       2.598413625950e+00 
       4.376041601845e-02       2.583371300489e+00 
       4.403319516735e-02       2.568281913039e+00 
       4.431231794305e-02       2.553140824018e+00 
       4.459819576870e-02       2.537942271988e+00 
       4.489127872208e-02       2.522685054238e+00 
       4.519206037240e-02       2.507355099311e+00 
       4.550108337449e-02       2.491947092706e+00 
       4.581894596305e-02       2.476461223875e+00 
       4.614630952020e-02       2.460882499437e+00 
       4.648390742907e-02       2.445201781504e+00 
       4.683255547441e-02       2.429413566852e+00 
       4.719316411280e-02       2.413510981666e+00 
       4.756675301229e-02       2.397476635556e+00 
       4.795446835950e-02       2.381303727353e+00 
       4.835760355679e-02       2.364986419128e+00 
       4.877762409092e-02       2.348464577227e+00 
       4.921619755703e-02       2.331733178802e+00 
       4.967523007970e-02       2.314784780894e+00 
       5.015691069999e-02       2.297578697262e+00 
       5.066376571099e-02       2.280094764594e+00 
       5.119872543759e-02       2.262285084668e+00 
       5.176520658204e-02       2.244110007338e+00 
       5.236721398511e-02       2.225512955069e+00 
       5.300946643626e-02       2.206419298291e+00 
       5.369755186298e-02       2.186745567504e+00 
       5.443811750858e-02       2.166380985908e+00 
       5.523909986108e-02       2.145180309952e+00 
       5.610999569786e-02       2.122959389466e+00 
       5.706216693470e-02       2.099469702008e+00 
       5.810915311482e-02       2.074379122145e+00 
       5.926692833934e-02       2.047240890422e+00 
       6.055397336706e-02       2.017454662600e+00 
       6.199093018729e-02       1.984205973894e+00 
       6.359947940448e-02       1.946454463780e+00 
       6.540001142378e-02       1.902893236506e+00 
       6.740785583239e-02       1.852072254765e+00 
       6.962856953198e-02       1.792630466720e+00 
       7.205402575154e-02       1.723726785068e+00 
       7.466181557294e-02       1.645539699412e+00 
       7.741925944084e-02       1.559581664270e+00 
       8.029037150168e-02       1.468620832056e+00 
       8.324228134396e-02       1.376213693389e+00 
       8.624873566558e-02       1.286075170720e+00 
       8.929066761749e-02       1.201503490641e+00 
       9.235510010565e-02       1.125003499314e+00 
       9.543357073890e-02       1.058120651802e+00 
       9.852071037994e-02       1.001441116702e+00 
       1.016131705477e-01       9.546985020479e-01 
       1.047088850041e-01       9.169389582410e-01 
       1.078065869454e-01       8.867008630935e-01 
       1.109055026726e-01       8.621979418223e-01 
       1.140051606747e-01       8.414981644441e-01 
       1.171052739085e-01       8.226910888430e-01 
       1.202056676777e-01       8.040552015369e-01 
       1.233062356186e-01       7.842001061288e-01 
       1.264069129017e-01       7.621746831853e-01 
       1.295076599371e-01       7.375254776437e-01 
       1.326084524750e-01       7.102861732746e-01 
       1.357092755935e-01       6.809295140102e-01 
       1.388101200478e-01       6.502284249823e-01 
       1.419109800535e-01       6.191435303135e-01 
       1.450118519396e-01       5.886742177868e-01 
       1.481127333302e-01       5.597384503357e-01 
       1.512136226471e-01       5.330839152299e-01 
       1.543145188064e-01       5.092315478526e-01 
       1.574154210335e-01       4.884492992169e-01 
       1.605163287508e-01       4.707587714031e-01 
       1.636172415074e-01       4.559659182843e-01 
       1.667181589372e-01       4.436969688733e-01 
       1.698190807317e-01       4.334524921067e-01 
       1.729200066233e-01       4.246585313013e-01 
       1.760209363751e-01       4.167358531459e-01 
       1.791218697736e-01       4.091950243736e-01 
       1.822228066242e-01       4.014503546613e-01 
       1.853237467480e-01       3.931133022358e-01 
       1.884246899796e-01       3.839394723549e-01 
       1.915256361651e-01       3.738432741243e-01 
       1.946265851615e-01       3.628953068795e-01 
       1.977275368348e-01       3.512930186851e-01 
       2.008284910597e-01       3.393167120895e-01 
       2.039294477188e-01       3.272811959558e-01 
       2.070304067018e-01       3.155007852704e-01 
       2.101313679048e-01       3.042469609550e-01 
       2.132323312304e-01       2.937360377926e-01 
       2.163332965866e-01       2.841208061952e-01 
       2.194342638867e-01       2.754850374120e-01 
       2.225352330487e-01       2.678476441898e-01 
       2.256362039955e-01       2.611565329969e-01 
       2.287371766540e-01       2.553105424735e-01 
       2.318381509550e-01       2.501562211385e-01 
       2.349391268330e-01       2.455102650375e-01 
       2.380401042261e-01       2.411810320956e-01 
       2.411410830753e-01       2.369855411227e-01 
       2.442420633250e-01       2.327697521568e-01 
       2.473430449220e-01       2.284149026833e-01 
       2.504440278160e-01       2.238468711579e-01 
       2.535450119592e-01       2.190346091730e-01 
       2.566459973060e-01       2.139855556428e-01 
       2.597469838130e-01       2.087413236526e-01 
       2.628479714390e-01       2.033748168419e-01 
       2.659489601445e-01       1.979752239745e-01 
       2.690499498921e-01       1.926429222999e-01 
       2.721509406458e-01       1.874759191689e-01 
       2.752519323715e-01       1.825581475770e-01 
       2.783529250366e-01       1.779512467347e-01 
       2.814539186098e-01       1.736888031839e-01 
       2.845549130613e-01       1.697790012854e-01 
       2.876559083625e-01       1.662046282428e-01 
       2.907569044861e-01       1.629315567991e-01 
       2.938579014059e-01       1.599138023021e-01 
       2.969588990968e-01       1.570975510211e-01 
       3.000598975348e-01       1.544261712364e-01 
       3.031608966969e-01       1.518434699732e-01 
       3.062618965610e-01       1.492972026250e-01 
       3.093628971058e-01       1.467435995102e-01 
       3.124638983110e-01       1.441514958852e-01 
       3.155649001570e-01       1.415045839853e-01 
       3.186659026250e-01       1.388019248767e-01 
       3.217669056970e-01       1.360557352914e-01 
       3.248679093555e-01       1.332880492050e-01 
       3.279689135839e-01       1.305261974105e-01 
       3.310699183660e-01       1.277977150067e-01 
       3.341709236865e-01       1.251298221624e-01 
       3.372719295303e-01       1.225463411063e-01 
       3.403729358831e-01       1.200670800453e-01 
       3.434739427310e-01       1.177069459422e-01 
       3.465749500607e-01       1.154732509908e-01 
       3.496759578594e-01       1.133677580726e-01 
       3.527769661145e-01       1.113832852338e-01 
       3.558779748142e-01       1.095059131534e-01 
       3.589789839468e-01       1.077174747443e-01 
       3.620799935012e-01       1.059979172744e-01 
       3.651810034666e-01       1.043276212793e-01 
       3.682820138325e-01       1.026897193906e-01 
       3.713830245890e-01       1.010720183218e-01 
       3.744840357261e-01       9.946477659710e-02 
       3.775850472346e-01       9.786202086177e-02 
       3.806860591053e-01       9.626044157327e-02 
       3.837870713295e-01       9.466026067933e-02 
       3.868880838984e-01       9.306445381316e-02 
       3.899890968040e-01       9.147900742974e-02 
       3.930901100382e-01       8.991224870452e-02 
       3.961911235933e-01       8.837308538749e-02 
       3.992921374617e-01       8.687005018571e-02 
       4.023931516362e-01       8.540949370243e-02 
       4.054941661098e-01       8.399551429107e-02 
       4.085951808755e-01       8.262968110609e-02 
       4.116961959268e-01       8.131198526968e-02 
       4.147972112573e-01       8.004116631455e-02 
       4.178982268607e-01       7.881520456623e-02 
       4.209992427309e-01       7.763110913675e-02 
       4.241002588622e-01       7.648498736709e-02 
       4.272012752487e-01       7.537182482963e-02 
       4.303022918849e-01       7.428563358631e-02 
       4.334033087655e-01       7.322065395821e-02 
       4.365043258852e-01       7.217166838408e-02 
       4.396053432390e-01       7.113519178034e-02 
       4.427063608219e-01       7.010918151679e-02 
       4.458073786292e-01       6.909321553962e-02 
       4.489083966561e-01       6.808766523864e-02 
       4.520094148981e-01       6.709345190647e-02 
       4.551104333508e-01       6.611171646553e-02 
       4.582114520099e-01       6.514380597381e-02 
       4.613124708713e-01       6.419156741845e-02 
       4.644134899308e-01       6.325719051774e-02 
       4.675145091846e-01       6.234329129915e-02 
       4.706155286287e-01       6.145200221610e-02 
       4.737165482595e-01       6.058472475213e-02 
       4.768175680732e-01       5.974169942818e-02 
       4.799185880663e-01       5.892198750806e-02 
       4.830196082354e-01       5.812383988476e-02 
       4.861206285770e-01       5.734524475170e-02 
       4.892216490879e-01       5.658420490211e-02 
       4.923226697648e-01       5.583902423573e-02 
       4.954236906047e-01       5.510827828371e-02 
       4.985247116044e-01       5.439053271364e-02 
       5.016257327611e-01       5.368430204172e-02 
       5.047267540718e-01       5.298810805504e-02 
       5.078277755336e-01       5.230076951893e-02 
       5.109287971439e-01       5.162181603286e-02 
       5.140298188999e-01       5.095129585818e-02 
       5.171308407990e-01       5.028997630154e-02 
       5.202318628386e-01       4.963877823353e-02 
       5.233328850162e-01       4.899869790075e-02 
       5.264339073294e-01       4.837018482469e-02 
       5.295349297758e-01       4.775336817513e-02 
       5.326359523530e-01       4.714819792648e-02 
       5.357369750589e-01       4.655452472304e-02 
       5.388379978910e-01       4.597240125515e-02 
       5.419390208474e-01       4.540199630670e-02 
       5.450400439257e-01       4.484324313536e-02 
       5.481410671241e-01       4.429611116514e-02 
       5.512420904404e-01       4.375990297677e-02 
       5.543431138726e-01       4.323371931318e-02 
       5.574441374189e-01       4.271677398241e-02 
       5.605451610773e-01       4.220798661807e-02 
       5.636461848459e-01       4.170709245994e-02 
       5.667472087230e-01       4.121394819885e-02 
       5.698482327068e-01       4.072834175918e-02 
       5.729492567955e-01       4.025031080172e-02 
       5.760502809874e-01       3.977945301073e-02 
       5.791513052809e-01       3.931541539473e-02 
       5.822523296744e-01       3.885790655227e-02 
       5.853533541662e-01       3.840675139724e-02 
       5.884543787547e-01       3.796208901612e-02 
       5.915554034386e-01       3.752444920373e-02 
       5.946564282162e-01       3.709399078449e-02 
       5.977574530862e-01       3.667106821394e-02 
       6.008584780470e-01       3.625533199119e-02 
       6.039595030973e-01       3.584691085290e-02 
       6.070605282357e-01       3.544514354939e-02 
       6.101615534608e-01       3.505005897932e-02 
       6.132625787714e-01       3.466099053487e-02 
       6.163636041661e-01       3.427853109571e-02 
       6.194646296437e-01       3.390229511712e-02 
       6.225656552030e-01       3.353228828835e-02 
       6.256666808426e-01       3.316840082665e-02 
       6.287677065615e-01       3.280977149520e-02 
       6.318687323584e-01       3.245593172575e-02 
       6.349697582322e-01       3.210702939217e-02 
       6.380707841818e-01       3.176309852059e-02 
       6.411718102061e-01       3.142362078129e-02 
       6.442728363040e-01       3.108956220685e-02 
       6.473738624744e-01       3.075998557494e-02 
       6.504748887164e-01       3.043562737598e-02 
       6.535759150288e-01       3.011613397130e-02 
       6.566769414107e-01       2.980079533252e-02 
       6.597779678610e-01       2.948991979406e-02 
       6.628789943790e-01       2.918330831387e-02 
       6.659800209635e-01       2.888153303603e-02 
       6.690810476136e-01       2.858409646813e-02 
       6.721820743285e-01       2.829132648509e-02 
       6.752831011073e-01       2.800288821815e-02 
       6.783841279491e-01       2.771928575832e-02 
       6.814851548529e-01       2.743906173643e-02 
       6.845861818180e-01       2.716301235705e-02 
       6.876872088436e-01       2.689059972649e-02 
       6.907882359288e-01       2.662168779148e-02 
       6.938892630728e-01       2.635728128905e-02 
       6.969902902749e-01       2.609606816559e-02 
       7.000913175342e-01       2.583891247403e-02 
       7.031923448500e-01       2.558503034076e-02 
       7.062933722216e-01       2.533423505556e-02 
       7.093943996482e-01       2.508723293788e-02 
       7.124954271291e-01       2.484274839178e-02 
       7.155964546636e-01       2.460190515196e-02 
       7.186974822509e-01       2.436411972193e-02 
       7.217985098906e-01       2.413019337687e-02 
       7.248995375817e-01       2.389885941957e-02 
       7.280005653238e-01       2.367092052803e-02 
       7.464455758151e-01       2.237536358172e-02 
       7.651667369126e-01       2.116024177096e-02 
       7.841776806813e-01       2.001802195061e-02 
       8.034934156659e-01       1.894361866399e-02 
       8.231301147915e-01       1.793197779790e-02 
       8.431049008713e-01       1.697843691619e-02 
       8.634356368620e-01       1.607906015997e-02 
       8.841407268964e-01       1.523004285705e-02 
       9.052389329755e-01       1.442803133040e-02 
       9.267492110784e-01       1.366940101882e-02 
       9.486905693738e-01       1.295179097325e-02 
       9.710819502047e-01       1.227212707322e-02 
       9.939421365888e-01       1.162857886222e-02 
       1.017289683121e+00       1.101855464280e-02 
       1.041142870404e+00       1.044035766653e-02 
       1.065519681468e+00       9.892321192917e-03 
       1.090437798090e+00       9.372577586536e-03 
       1.115914614496e+00       8.879113693964e-03 
       1.141967265644e+00       8.411493755842e-03 
       1.168612667124e+00       7.967866544388e-03 
       1.195867563719e+00       7.546962000815e-03 
       1.223748583763e+00       7.147678501675e-03 
       1.252272296696e+00       6.768816736912e-03 
       1.281455271503e+00       6.409405427257e-03 
       1.311314134122e+00       6.068542480605e-03 
       1.341865622330e+00       5.745324320853e-03 
       1.373126636993e+00       5.438679856027e-03 
       1.405114289018e+00       5.147937850521e-03 
       1.437845941636e+00       4.872264572834e-03 
       1.471339247998e+00       4.610861130862e-03 
       1.505612184263e+00       4.363037044888e-03 
       1.540683078543e+00       4.128142101898e-03 
       1.576570636173e+00       3.905440117969e-03 
       1.613293961846e+00       3.694524238657e-03 
       1.650872579130e+00       3.494482335756e-03 
       1.689326447901e+00       3.305146434432e-03 
       1.728675980162e+00       3.125616633759e-03 
       1.768942054649e+00       2.955591329842e-03 
       1.810146030594e+00       2.794497942641e-03 
       1.852309760920e+00       2.641905352174e-03 
       1.895455605103e+00       2.497348906927e-03 
       1.939606441877e+00       2.360741927093e-03 
       1.984785681927e+00       2.231200026978e-03 
       2.031017280652e+00       2.108471080050e-03 
       2.078325751098e+00       1.992589570831e-03 
       2.126736177086e+00       1.882646951235e-03 
       2.176274226598e+00       1.778702117850e-03 
       2.226966165435e+00       1.680266992946e-03 
       2.278838871174e+00       1.587173633675e-03 
       2.331919847426e+00       1.499011329666e-03 
       2.386237238440e+00       1.415641367664e-03 
       2.441819844019e+00       1.336782753456e-03 
       2.498697134798e+00       1.262219709588e-03 
       2.556899267871e+00       1.191588517111e-03 
       2.616457102781e+00       1.124888505355e-03 
       2.677402217879e+00       1.061737526213e-03 
       2.739766927073e+00       1.002073911721e-03 
       2.803584296956e+00       9.455916561563e-04 
       2.868888164343e+00       8.922779410055e-04 
       2.935713154210e+00       8.418814057895e-04 
       3.004094698049e+00       7.941911090038e-04 
       3.074069052662e+00       7.491457037614e-04 
       3.145673319376e+00       7.065541349852e-04 
       3.218945463722e+00       6.662935451825e-04 
       3.293924335560e+00       6.282834112775e-04 
       3.370649689682e+00       5.923397683115e-04 
       3.449162206885e+00       5.583427461618e-04 
       3.529503515545e+00       5.262779869525e-04 
       3.611716213687e+00       4.959552896147e-04 
       3.695843891573e+00       4.673372132248e-04 
       3.781931154810e+00       4.403004190479e-04 
       3.870023648006e+00       4.147709549228e-04 
       3.960168078965e+00       3.906329536821e-04 
       4.052412243459e+00       3.678735967681e-04 
       4.146805050564e+00       3.463691272505e-04 
       4.243396548597e+00       3.260632429443e-04 
       4.342237951647e+00       3.069044869289e-04 
       4.443381666736e+00       2.888093985781e-04 
       4.546881321600e+00       2.717164629635e-04 
       4.652791793126e+00       2.556048624243e-04 
       4.761169236447e+00       2.403858571728e-04 
       4.872071114719e+00       2.260288260294e-04 
       4.985556229585e+00       2.124783138453e-04 
       5.101684752356e+00       1.996940378703e-04 
       5.220518255912e+00       1.876243068887e-04 
       5.342119747348e+00       1.762626018483e-04 
       5.466553701386e+00       1.655224304319e-04 
       5.593886094555e+00       1.553963105188e-04 
       5.724184440175e+00       1.458609066587e-04 
       5.857517824153e+00       1.368617594388e-04 
       5.993956941616e+00       1.283698447182e-04 
       6.133574134388e+00       1.203686073804e-04 
       6.276443429353e+00       1.128245865209e-04 
       6.422640577704e+00       1.057134767916e-04 
       6.572243095103e+00       9.901262831643e-05 
       6.725330302784e+00       9.270069433226e-05 
       6.881983369612e+00       8.674659918213e-05 
       7.042285355117e+00       8.113877502187e-05 
       7.206321253533e+00       7.585989707518e-05 
       7.374178038864e+00       7.089444406797e-05 
       7.545944711000e+00       6.621132289142e-05 
       7.721712342904e+00       6.180193525297e-05 
       7.901574128902e+00       5.766053818571e-05 
       8.085625434092e+00       5.375664765365e-05 
       8.273963844913e+00       5.008230912232e-05 
       8.466689220884e+00       4.663437422071e-05 
       8.663903747550e+00       4.338363428126e-05 
       8.865711990663e+00       4.033065029833e-05 
       9.072220951624e+00       3.746356753654e-05 
       9.283540124220e+00       3.477071868854e-05 
       9.499781552672e+00       3.224064587329e-05 
       9.721059891047e+00       2.986709149945e-05 
       9.947492464050e+00       2.763706421246e-05 
       1.017919932923e+01       2.554688098827e-05 
       1.041630334063e+01       2.358751570051e-05 
       1.065893021393e+01       2.175173849844e-05 
       1.090720859313e+01       2.003398353866e-05 
       1.116127011869e+01       1.842412256485e-05 
       1.142124949741e+01       1.692194112703e-05 
       1.168728457379e+01       1.551589562660e-05 
       1.195951640315e+01       1.420362341319e-05 
       1.223808932641e+01       1.298155159356e-05 
       1.252315104662e+01       1.183899381905e-05 
       1.281485270728e+01       1.077867115204e-05 
       1.311334897247e+01       9.788667635414e-06 
       1.341879810886e+01       8.872955785063e-06 
       1.373136206963e+01       8.021877504250e-06 
       1.405120658032e+01       7.234181763323e-06 
       1.437850122673e+01       6.505154264704e-06 
       1.471341954482e+01       5.830292323241e-06 
       1.505613911270e+01       5.209475228654e-06 
       1.540684164483e+01       4.638064180831e-06 
       1.576571308833e+01       4.114421142347e-06 
       1.613294372160e+01       3.634572396547e-06 
       1.650872825517e+01       3.194293181998e-06 
       1.689326593498e+01       2.794940744498e-06 
       1.728676064800e+01       2.431898557203e-06 
       1.768942103034e+01       2.104417688329e-06 
       1.810146057785e+01       1.808091624288e-06 
       1.852309775936e+01       1.542751986193e-06 
       1.895455613248e+01       1.305125987985e-06 
       1.939606446216e+01       1.094099584212e-06 
       1.984785684196e+01       9.072470893498e-07 
       2.031017281816e+01       7.432951012383e-07 
       2.078325751684e+01       6.009577996924e-07 
       2.126736177375e+01       4.775545456057e-07 
       2.176274226738e+01       3.722544502463e-07 
       2.226966165502e+01       2.832599631307e-07 
       2.278838871204e+01       2.094841637634e-07 
       2.331919847440e+01       1.490924765949e-07 
       2.386237238446e+01       1.008066985921e-07 
       2.441819844021e+01       6.366036417057e-08 
       2.498697134799e+01       3.618944251458e-08 
       2.556899267872e+01       1.717144615179e-08 
       2.616457102781e+01       5.661666237447e-09 
       2.677402217879e+01       5.094702166957e-10 
       2.739766927073e+01       7.266096679244e-10 
       2.803584296956e+01       5.376102220366e-09 
       2.868888164343e+01       1.360786826067e-08 
       2.935713154210e+01       2.449950912491e-08 
       3.004094698049e+01       3.743668330290e-08 
       3.074069052662e+01       5.161019937301e-08 
       3.145673319376e+01       6.636525096660e-08 
       3.218945463722e+01       8.134099344994e-08 
       3.293924335560e+01       9.572562513390e-08 
       3.370649689682e+01       1.093083988419e-07 
       3.449162206885e+01       1.219736085559e-07 
       3.529503515545e+01       1.327568109663e-07 
       3.611716213687e+01       1.421526406520e-07 
       3.695843891573e+01       1.493995554004e-07 
       3.781931154810e+01       1.546807855026e-07 
       3.870023648006e+01       1.578857489561e-07 
       3.960168078965e+01       1.592003550229e-07 
       4.052412243459e+01       1.584589069477e-07 
       4.146805050564e+01       1.559262828847e-07 
       4.243396548597e+01       1.513231042947e-07 
       4.342237951647e+01       1.454437493715e-07 
       4.443381666736e+01       1.381934435688e-07 
       4.546881321600e+01       1.294644515557e-07 
       4.652791793126e+01       1.200274140954e-07 
       4.761169236447e+01       1.098649349713e-07 
       4.872071114719e+01       9.928639497330e-08 
       4.985556229585e+01       8.859471680881e-08 
       5.101684752356e+01       7.765461866948e-08 
       5.220518255912e+01       6.726999308536e-08 
       5.342119747348e+01       5.688788412031e-08 
       5.466553701386e+01       4.776428635752e-08 
       5.593886094555e+01       3.924344855819e-08 
       5.724184440175e+01       3.141527662458e-08 
       5.857517824153e+01       2.437229912625e-08 
       5.993956941616e+01       1.822720166434e-08 
       6.133574134388e+01       1.310151032935e-08 
       6.276443429353e+01       8.867248721848e-09 
       6.422640577704e+01       5.560953358756e-09 
       6.572243095103e+01       3.012928784193e-09 
       6.725330302784e+01       1.498182206174e-09 
       6.881983369612e+01       4.739262876168e-10 
       7.042285355117e+01       4.385489957595e-11 
       7.206321253533e+01       5.154504282916e-11 
       7.374178038864e+01       3.846698880854e-10 
       7.545944711000e+01       9.436380438741e-10 
       7.721712342904e+01       1.600676087855e-09 
       7.901574128902e+01       2.299092376450e-09 
       8.085625434092e+01       2.918806800412e-09 
       8.273963844913e+01       3.475165944596e-09 
       8.466689220884e+01       3.861790638461e-09 
       8.663903747550e+01       4.121283471882e-09 
       8.865711990663e+01       4.193187685861e-09 
       9.072220951624e+01       4.108397698084e-09 
       9.283540124220e+01       3.860949640371e-09 
       9.499781552671e+01       3.563708678305e-09 
       9.721059891047e+01       3.177148062221e-09 
       9.947492464050e+01       2.676288669097e-09 
       1.017919932923e+02       2.215416531024e-09 
       1.041630334063e+02       1.776146933190e-09 
       1.065893021393e+02       1.342821559946e-09 
       1.090720859313e+02       9.701855806670e-10 
       1.116127011869e+02       6.258756449375e-10 
       1.142124949741e+02       4.756278964014e-10 
       1.168728457379e+02       2.079380352503e-10 
       1.195951640315e+02       8.274878543694e-11 
       1.223808932641e+02       1.211055779288e-11 
       1.252315104662e+02       1.926863522663e-13 
       1.281485270728e+02       1.218153927689e-12 
       1.311334897247e+02       3.324927168444e-11 
       1.341879810886e+02       8.111732203507e-11 
       1.373136206963e+02       5.937843076396e-11 
       1.405120658032e+02       1.009004557862e-10 
       1.437850122673e+02       9.001540951237e-11 
       1.471341954482e+02       1.052823177482e-10 
       1.505613911270e+02       8.388836091124e-11 
       1.540684164483e+02       1.655471497309e-10 
       1.576571308833e+02       8.690423156564e-11 
       1.613294372160e+02       5.612481158816e-11 
       1.650872825517e+02       7.628679183046e-11 
       1.689326593498e+02       6.034056521750e-11 
       1.728676064800e+02       3.454226544432e-14 
       1.768942103034e+02       2.945340127710e-12 
       1.810146057785e+02       3.481653544826e-11 
       1.852309775936e+02       5.640080339730e-12 
       1.895455613248e+02       2.033882032551e-11 
       1.939606446216e+02       1.949301697367e-11 
       1.984785684196e+02       2.489176450367e-11 
       2.031017281816e+02       3.927450993255e-12 
