# Matter power spectrum P(k) at redshift z=99
# for k=1.00899e-05 to 203.102 h/Mpc,
# number of wavenumbers equal to 845
#    1:k (h/Mpc)              2:P (Mpc/h)^3        
       1.008985923246e-05       4.868383381406e-03 
       2.251775554681e-05       3.993255211842e-02 
       3.498636120247e-05       4.131499469392e-02 
       4.752690064658e-05       4.678331807279e-02 
       6.017107953230e-05       5.236032960026e-02 
       7.295134796122e-05       6.148055318967e-02 
       8.590117158737e-05       6.929630586607e-02 
       9.905531395762e-05       7.683723366314e-02 
       1.124501334903e-04       8.670045930027e-02 
       1.261238985241e-04       9.661898481026e-02 
       1.401171238832e-04       1.067414913320e-01 
       1.544729323814e-04       1.179914255505e-01 
       1.692374445844e-04       1.285081461691e-01 
       1.844601999316e-04       1.399757017695e-01 
       2.001946119095e-04       1.512313841750e-01 
       2.164984592990e-04       1.635554045015e-01 
       2.334344144703e-04       1.759462171618e-01 
       2.510706081373e-04       1.879868754202e-01 
       2.694812277303e-04       2.012327331399e-01 
       2.887471433953e-04       2.151230962064e-01 
       3.089565513139e-04       2.294856454749e-01 
       3.302056182976e-04       2.445088320013e-01 
       3.525991041420e-04       2.604193816230e-01 
       3.762509287930e-04       2.771434727168e-01 
       4.012846398372e-04       2.948553628815e-01 
       4.278337222871e-04       3.135466295802e-01 
       4.560416775835e-04       3.332983976761e-01 
       4.860617833145e-04       3.543235511519e-01 
       5.180564313506e-04       3.765800361019e-01 
       5.521959330390e-04       4.004365754464e-01 
       5.886566801031e-04       4.256886455954e-01 
       6.276185643138e-04       4.525983232034e-01 
       6.692615934693e-04       4.813050308501e-01 
       7.137617003222e-04       5.118032159002e-01 
       7.612858261435e-04       5.442798619529e-01 
       8.119864671933e-04       5.788174298892e-01 
       8.659959882004e-04       6.154302314854e-01 
       9.234211115549e-04       6.541733507882e-01 
       9.843380583383e-04       6.951367513109e-01 
       1.048788822492e-03       7.382641154184e-01 
       1.116778986862e-03       7.835201322314e-01 
       1.188277341593e-03       8.309083657730e-01 
       1.263217364035e-03       8.803031443849e-01 
       1.341500403710e-03       9.316131653002e-01 
       1.423000229794e-03       9.846876359777e-01 
       1.507568477172e-03       1.039495942143e+00 
       1.595040487038e-03       1.095781937184e+00 
       1.685241074673e-03       1.153422906306e+00 
       1.777989849548e-03       1.212282321612e+00 
       1.873105833077e-03       1.272198796548e+00 
       1.970411240942e-03       1.333012440342e+00 
       2.069734400901e-03       1.394570903055e+00 
       2.170911853969e-03       1.456751493293e+00 
       2.273789735124e-03       1.519422852419e+00 
       2.378224553043e-03       1.582440700140e+00 
       2.484083492891e-03       1.645715237519e+00 
       2.591244358339e-03       1.709120126982e+00 
       2.699595254278e-03       1.772564549749e+00 
       2.809034094327e-03       1.835956233658e+00 
       2.919467999818e-03       1.899214325717e+00 
       3.030812641171e-03       1.962266127383e+00 
       3.142991559080e-03       2.025029423759e+00 
       3.255935491967e-03       2.087448287138e+00 
       3.369581727509e-03       2.149466582072e+00 
       3.483873489548e-03       2.211027500735e+00 
       3.598759366763e-03       2.272081347838e+00 
       3.714192786088e-03       2.332587876410e+00 
       3.830131531369e-03       2.392507864632e+00 
       3.946537306183e-03       2.451799692503e+00 
       4.063375338686e-03       2.510438743265e+00 
       4.180614025754e-03       2.568389137804e+00 
       4.298224613405e-03       2.625630156469e+00 
       4.416180910359e-03       2.682136576546e+00 
       4.534459031676e-03       2.737886135526e+00 
       4.653037169509e-03       2.792863580446e+00 
       4.771895388214e-03       2.847052274022e+00 
       4.891015441268e-03       2.900438506617e+00 
       5.010380607654e-03       2.953009955035e+00 
       5.129975545600e-03       3.004756538515e+00 
       5.249786161774e-03       3.055671695808e+00 
       5.369799494223e-03       3.105747803137e+00 
       5.490003607537e-03       3.154980228924e+00 
       5.610387498875e-03       3.203363371895e+00 
       5.730941013670e-03       3.250898344165e+00 
       5.851654769906e-03       3.297583573045e+00 
       5.972520090068e-03       3.343416779440e+00 
       6.093528939880e-03       3.388400452637e+00 
       6.214673873133e-03       3.432536296979e+00 
       6.335947981903e-03       3.475829271841e+00 
       6.457344851613e-03       3.518280168756e+00 
       6.578858520406e-03       3.559893491801e+00 
       6.700483442374e-03       3.600673863769e+00 
       6.822214454238e-03       3.640629889241e+00 
       6.944046745134e-03       3.679763626070e+00 
       7.065975829162e-03       3.718086700847e+00 
       7.187997520434e-03       3.755606842990e+00 
       7.310107910369e-03       3.792327575756e+00 
       7.432303346994e-03       3.828253676782e+00 
       7.554580416073e-03       3.863399888232e+00 
       7.676935923868e-03       3.897776301662e+00 
       7.799366881390e-03       3.931384771760e+00 
       7.921870489981e-03       3.964231924440e+00 
       8.044444128110e-03       3.996339552737e+00 
       8.167085339271e-03       4.027705218936e+00 
       8.289791820870e-03       4.058343153737e+00 
       8.412561414027e-03       4.088265424287e+00 
       8.535392094189e-03       4.117470844663e+00 
       8.658281962499e-03       4.145977589616e+00 
       8.781229237845e-03       4.173791417521e+00 
       8.904232249532e-03       4.200923606438e+00 
       9.027289430517e-03       4.227381318539e+00 
       9.150399311170e-03       4.253171989994e+00 
       9.273560513504e-03       4.278312434393e+00 
       9.396771745844e-03       4.302801658924e+00 
       9.520031797891e-03       4.326648168654e+00 
       9.643339536152e-03       4.349874873491e+00 
       9.766693899711e-03       4.372471210297e+00 
       9.890093896300e-03       4.394456400244e+00 
       1.001353859866e-02       4.415838693898e+00 
       1.013702714118e-02       4.436627403467e+00 
       1.026055871672e-02       4.456820514280e+00 
       1.038413257374e-02       4.476433932362e+00 
       1.050774801356e-02       4.495476154700e+00 
       1.063140438788e-02       4.513947355722e+00 
       1.075510109639e-02       4.531864069728e+00 
       1.087883758462e-02       4.549229900497e+00 
       1.100261334193e-02       4.566048318217e+00 
       1.112642789957e-02       4.582332074758e+00 
       1.125028082899e-02       4.598081452298e+00 
       1.137417174014e-02       4.613313376602e+00 
       1.149810028000e-02       4.628018875409e+00 
       1.162206613114e-02       4.642220099727e+00 
       1.174606901039e-02       4.655910607212e+00 
       1.187010866765e-02       4.669106939132e+00 
       1.199418488471e-02       4.681812263127e+00 
       1.211829747421e-02       4.694026227860e+00 
       1.224244627863e-02       4.705764474058e+00 
       1.236663116941e-02       4.717023694209e+00 
       1.249085204607e-02       4.727822987191e+00 
       1.261510883545e-02       4.738155426268e+00 
       1.273940149094e-02       4.748028687152e+00 
       1.286372999182e-02       4.757452460178e+00 
       1.298809434267e-02       4.766428212392e+00 
       1.311249457272e-02       4.774963979822e+00 
       1.323693073542e-02       4.783065269749e+00 
       1.336140290784e-02       4.790734033692e+00 
       1.348591119034e-02       4.797984706537e+00 
       1.361045570605e-02       4.804812688017e+00 
       1.373503660061e-02       4.811224472412e+00 
       1.385965404174e-02       4.817230238968e+00 
       1.398430821901e-02       4.822831320041e+00 
       1.410899934352e-02       4.828032874392e+00 
       1.423372764771e-02       4.832843439592e+00 
       1.435849338511e-02       4.837264943723e+00 
       1.448329683018e-02       4.841304257925e+00 
       1.460813827812e-02       4.844964771850e+00 
       1.473301804481e-02       4.848251163124e+00 
       1.485793646664e-02       4.851168295631e+00 
       1.498289390044e-02       4.853724338233e+00 
       1.510789072347e-02       4.855921167486e+00 
       1.523292733332e-02       4.857765279239e+00 
       1.535800414793e-02       4.859258830627e+00 
       1.548312160558e-02       4.860406148377e+00 
       1.560828016494e-02       4.861218535951e+00 
       1.573348030509e-02       4.861688956904e+00 
       1.585872252561e-02       4.861839278324e+00 
       1.598400734663e-02       4.861670059443e+00 
       1.610933530897e-02       4.861162282760e+00 
       1.623470697422e-02       4.860344826428e+00 
       1.636012292492e-02       4.859224517282e+00 
       1.648558376469e-02       4.857787020186e+00 
       1.661109011841e-02       4.856049048203e+00 
       1.673664263240e-02       4.854014983704e+00 
       1.686224197463e-02       4.851687315704e+00 
       1.698788883495e-02       4.849065790157e+00 
       1.711358392534e-02       4.846169576995e+00 
       1.723932798012e-02       4.842977755904e+00 
       1.736512175629e-02       4.839532784309e+00 
       1.749096603375e-02       4.835798463947e+00 
       1.761686161566e-02       4.831803138200e+00 
       1.774280932873e-02       4.827536501325e+00 
       1.786881002356e-02       4.823017732533e+00 
       1.799486457501e-02       4.818243770295e+00 
       1.812097388257e-02       4.813216093354e+00 
       1.824713887072e-02       4.807944693049e+00 
       1.837336048938e-02       4.802425567095e+00 
       1.849963971429e-02       4.796668233381e+00 
       1.862597754748e-02       4.790674514793e+00 
       1.875237501771e-02       4.784451406271e+00 
       1.887883318094e-02       4.777990873661e+00 
       1.900535312085e-02       4.771327837378e+00 
       1.913193594933e-02       4.764437364279e+00 
       1.925858280700e-02       4.757321393261e+00 
       1.938529486380e-02       4.749997302192e+00 
       1.951207331950e-02       4.742459501214e+00 
       1.963891940434e-02       4.734721934608e+00 
       1.976583437961e-02       4.726779817961e+00 
       1.989281953829e-02       4.718643580094e+00 
       2.001987620571e-02       4.710310164301e+00 
       2.014700574018e-02       4.701790040352e+00 
       2.027420953374e-02       4.693066195805e+00 
       2.040148901283e-02       4.684181962752e+00 
       2.052884563906e-02       4.675103286234e+00 
       2.065628090997e-02       4.665847493701e+00 
       2.078379635978e-02       4.656410332417e+00 
       2.091139356027e-02       4.646819478828e+00 
       2.103907412157e-02       4.637048342460e+00 
       2.116683969302e-02       4.627120687912e+00 
       2.129469196411e-02       4.617031055962e+00 
       2.142263266535e-02       4.606782737350e+00 
       2.155066356926e-02       4.596380238532e+00 
       2.167878649131e-02       4.585819889190e+00 
       2.180700329099e-02       4.575109475354e+00 
       2.193531587278e-02       4.564260892882e+00 
       2.206372618728e-02       4.553272121767e+00 
       2.219223623229e-02       4.542134651841e+00 
       2.232084805397e-02       4.530875611479e+00 
       2.244956374803e-02       4.519470253629e+00 
       2.257838546090e-02       4.507937104277e+00 
       2.270731539105e-02       4.496278736561e+00 
       2.283635579024e-02       4.484491853660e+00 
       2.296550896486e-02       4.472586465970e+00 
       2.309477727734e-02       4.460566201243e+00 
       2.322416314755e-02       4.448426611613e+00 
       2.335366905427e-02       4.436172926576e+00 
       2.348329753672e-02       4.423807736655e+00 
       2.361305119611e-02       4.411338149181e+00 
       2.374293269725e-02       4.398761720940e+00 
       2.387294477028e-02       4.386082755588e+00 
       2.400309021230e-02       4.373304346213e+00 
       2.413337188923e-02       4.360425137126e+00 
       2.426379273761e-02       4.347456575256e+00 
       2.439435576651e-02       4.334395074530e+00 
       2.452506405949e-02       4.321242481081e+00 
       2.465592077667e-02       4.308003149438e+00 
       2.478692915676e-02       4.294679751692e+00 
       2.491809251927e-02       4.281272048946e+00 
       2.504941426679e-02       4.267785782464e+00 
       2.518089788722e-02       4.254223234915e+00 
       2.531254695627e-02       4.240583372020e+00 
       2.544436513988e-02       4.226873762177e+00 
       2.557635619681e-02       4.213092846017e+00 
       2.570852398133e-02       4.199239933812e+00 
       2.584087244594e-02       4.185323151685e+00 
       2.597340564424e-02       4.171345487015e+00 
       2.610612773389e-02       4.157303104581e+00 
       2.623904297966e-02       4.143199683619e+00 
       2.637215575665e-02       4.129041063692e+00 
       2.650547055353e-02       4.114826851084e+00 
       2.663899197597e-02       4.100557308254e+00 
       2.677272475021e-02       4.086239106811e+00 
       2.690667372668e-02       4.071871295187e+00 
       2.704084388387e-02       4.057451564902e+00 
       2.717524033223e-02       4.042989743395e+00 
       2.730986831833e-02       4.028482940163e+00 
       2.744473322907e-02       4.013934214740e+00 
       2.757984059617e-02       3.999346648680e+00 
       2.771519610072e-02       3.984718813745e+00 
       2.785080557800e-02       3.970055112805e+00 
       2.798667502244e-02       3.955356820341e+00 
       2.812281059279e-02       3.940623840978e+00 
       2.825921861753e-02       3.925861855445e+00 
       2.839590560043e-02       3.911068341554e+00 
       2.853287822642e-02       3.896246768992e+00 
       2.867014336763e-02       3.881399634930e+00 
       2.880770808975e-02       3.866525088683e+00 
       2.894557965859e-02       3.851627602885e+00 
       2.908376554696e-02       3.836707741082e+00 
       2.922227344183e-02       3.821768233667e+00 
       2.936111125182e-02       3.806809036353e+00 
       2.950028711498e-02       3.791829847932e+00 
       2.963980940692e-02       3.776835958952e+00 
       2.977968674934e-02       3.761826221969e+00 
       2.991992801888e-02       3.746802704398e+00 
       3.006054235642e-02       3.731767684812e+00 
       3.020153917674e-02       3.716719231048e+00 
       3.034292817872e-02       3.701661080986e+00 
       3.048471935591e-02       3.686593623640e+00 
       3.062692300766e-02       3.671520484807e+00 
       3.076954975073e-02       3.656437864072e+00 
       3.091261053153e-02       3.641349669975e+00 
       3.105611663883e-02       3.626258064595e+00 
       3.120007971717e-02       3.611162178258e+00 
       3.134451178094e-02       3.596064992343e+00 
       3.148942522908e-02       3.580964814492e+00 
       3.163483286058e-02       3.565863562007e+00 
       3.178074789075e-02       3.550763333927e+00 
       3.192718396829e-02       3.535664473407e+00 
       3.207415519325e-02       3.520567328371e+00 
       3.222167613596e-02       3.505472263317e+00 
       3.236976185693e-02       3.490380091072e+00 
       3.251842792776e-02       3.475293886206e+00 
       3.266769045326e-02       3.460211442880e+00 
       3.281756609471e-02       3.445136103572e+00 
       3.296807209441e-02       3.430066039956e+00 
       3.311922630162e-02       3.415004024282e+00 
       3.327104719986e-02       3.399947013448e+00 
       3.342355393590e-02       3.384899527445e+00 
       3.357676635028e-02       3.369861734115e+00 
       3.373070500968e-02       3.354830015385e+00 
       3.388539124115e-02       3.339809527914e+00 
       3.404084716838e-02       3.324798783119e+00 
       3.419709575014e-02       3.309796556480e+00 
       3.435416082110e-02       3.294808314548e+00 
       3.451206713503e-02       3.279831207274e+00 
       3.467084041087e-02       3.264864311956e+00 
       3.483050738153e-02       3.249906898749e+00 
       3.499109584590e-02       3.234961825475e+00 
       3.515263472420e-02       3.220030461853e+00 
       3.531515411689e-02       3.205109925909e+00 
       3.547868536756e-02       3.190201928125e+00 
       3.564326112997e-02       3.175304636846e+00 
       3.580891543966e-02       3.160421383124e+00 
       3.597568379052e-02       3.145548400490e+00 
       3.614360321665e-02       3.130687998628e+00 
       3.631271238005e-02       3.115838213542e+00 
       3.648305166451e-02       3.101001979372e+00 
       3.665466327647e-02       3.086175827709e+00 
       3.682759135313e-02       3.071363689368e+00 
       3.700188207881e-02       3.056558786352e+00 
       3.717758380999e-02       3.041764733282e+00 
       3.735474721006e-02       3.026981825682e+00 
       3.753342539455e-02       3.012210979377e+00 
       3.771367408789e-02       2.997444777403e+00 
       3.789555179276e-02       2.982688580600e+00 
       3.807911997330e-02       2.967941518083e+00 
       3.826444325354e-02       2.953200721418e+00 
       3.845158963247e-02       2.938467012528e+00 
       3.864063071773e-02       2.923737649122e+00 
       3.883164197941e-02       2.909014312433e+00 
       3.902470302655e-02       2.894293130834e+00 
       3.921989790844e-02       2.879576400306e+00 
       3.941731544346e-02       2.864859902572e+00 
       3.961704957874e-02       2.850143391048e+00 
       3.981919978381e-02       2.835428756525e+00 
       4.002387148228e-02       2.820708779599e+00 
       4.023117652610e-02       2.805987241635e+00 
       4.044123371716e-02       2.791259458930e+00 
       4.065416938230e-02       2.776524787119e+00 
       4.087011800810e-02       2.761782675372e+00 
       4.108922294299e-02       2.747029417910e+00 
       4.131163717545e-02       2.732263763473e+00 
       4.153752419801e-02       2.717481966514e+00 
       4.176705896879e-02       2.702685266072e+00 
       4.200042898355e-02       2.687866512721e+00 
       4.223783547389e-02       2.673025010543e+00 
       4.247949474925e-02       2.658162468589e+00 
       4.272563970381e-02       2.643268883172e+00 
       4.297652151252e-02       2.628342312537e+00 
       4.323241154501e-02       2.613382080930e+00 
       4.349360353122e-02       2.598384732622e+00 
       4.376041601845e-02       2.583342632939e+00 
       4.403319516735e-02       2.568253362962e+00 
       4.431231794305e-02       2.553112446569e+00 
       4.459819576870e-02       2.537914067894e+00 
       4.489127872208e-02       2.522657024152e+00 
       4.519206037240e-02       2.507327202643e+00 
       4.550108337449e-02       2.491919413676e+00 
       4.581894596305e-02       2.476434025596e+00 
       4.614630952020e-02       2.460855175816e+00 
       4.648390742907e-02       2.445174847656e+00 
       4.683255547441e-02       2.429386603208e+00 
       4.719316411280e-02       2.413482724895e+00 
       4.756675301229e-02       2.397451184345e+00 
       4.795446835950e-02       2.381277315451e+00 
       4.835760355679e-02       2.364958305189e+00 
       4.877762409092e-02       2.348438540585e+00 
       4.921619755703e-02       2.331707336916e+00 
       4.967523007970e-02       2.314759072222e+00 
       5.015691069999e-02       2.297553249340e+00 
       5.066376571099e-02       2.280067312434e+00 
       5.119872543759e-02       2.262260044412e+00 
       5.176520658204e-02       2.244085177724e+00 
       5.236721398511e-02       2.225488341075e+00 
       5.300946643626e-02       2.206394906113e+00 
       5.369755186298e-02       2.186721683722e+00 
       5.443811750858e-02       2.166357030473e+00 
       5.523909986108e-02       2.145156631779e+00 
       5.610999569786e-02       2.122935971310e+00 
       5.706216693470e-02       2.099446559253e+00 
       5.810915311482e-02       2.074356273915e+00 
       5.926692833934e-02       2.047218361238e+00 
       6.055397336706e-02       2.017432483678e+00 
       6.199093018729e-02       1.984184190051e+00 
       6.359947940448e-02       1.946433120507e+00 
       6.540001142378e-02       1.902872404636e+00 
       6.740785583239e-02       1.852052018892e+00 
       6.962856953198e-02       1.792610354356e+00 
       7.205402575154e-02       1.723708047712e+00 
       7.466181557294e-02       1.645521871666e+00 
       7.741925944084e-02       1.559564834739e+00 
       8.029037150168e-02       1.468605057788e+00 
       8.324228134396e-02       1.376198991706e+00 
       8.624873566558e-02       1.286061538404e+00 
       8.929066761749e-02       1.201490822647e+00 
       9.235510010565e-02       1.124991728772e+00 
       9.543357073890e-02       1.058109529338e+00 
       9.852071037994e-02       1.001430813271e+00 
       1.016131705477e-01       9.546887665147e-01 
       1.047088850041e-01       9.169296921790e-01 
       1.078065869454e-01       8.866919839498e-01 
       1.109055026726e-01       8.621892971544e-01 
       1.140051606747e-01       8.414898903562e-01 
       1.171052739085e-01       8.226830767154e-01 
       1.202056676777e-01       8.040474467271e-01 
       1.233062356186e-01       7.841926572805e-01 
       1.264069129017e-01       7.621674896315e-01 
       1.295076599371e-01       7.375176900224e-01 
       1.326084524750e-01       7.102796408283e-01 
       1.357092755935e-01       6.809222213501e-01 
       1.388101200478e-01       6.502226331375e-01 
       1.419109800535e-01       6.191382593545e-01 
       1.450118519396e-01       5.886691754584e-01 
       1.481127333302e-01       5.597337611863e-01 
       1.512136226471e-01       5.330795542960e-01 
       1.543145188064e-01       5.092274851339e-01 
       1.574154210335e-01       4.884455728047e-01 
       1.605163287508e-01       4.707552088518e-01 
       1.636172415074e-01       4.559625600236e-01 
       1.667181589372e-01       4.436937891430e-01 
       1.698190807317e-01       4.334494702929e-01 
       1.729200066233e-01       4.246558115249e-01 
       1.760209363751e-01       4.167326698066e-01 
       1.791218697736e-01       4.091923973544e-01 
       1.822228066242e-01       4.014478921136e-01 
       1.853237467480e-01       3.931109476696e-01 
       1.884246899796e-01       3.839372658647e-01 
       1.915256361651e-01       3.738412055647e-01 
       1.946265851615e-01       3.628935791590e-01 
       1.977275368348e-01       3.512912606314e-01 
       2.008284910597e-01       3.393151031928e-01 
       2.039294477188e-01       3.272799298185e-01 
       2.070304067018e-01       3.154994326934e-01 
       2.101313679048e-01       3.042458382991e-01 
       2.132323312304e-01       2.937349479383e-01 
       2.163332965866e-01       2.841199339516e-01 
       2.194342638867e-01       2.754842867882e-01 
       2.225352330487e-01       2.678470610756e-01 
       2.256362039955e-01       2.611559943104e-01 
       2.287371766540e-01       2.553101077173e-01 
       2.318381509550e-01       2.501558778388e-01 
       2.349391268330e-01       2.455100102590e-01 
       2.380401042261e-01       2.411808509453e-01 
       2.411410830753e-01       2.369853061247e-01 
       2.442420633250e-01       2.327698199268e-01 
       2.473430449220e-01       2.284149712557e-01 
       2.504440278160e-01       2.238471034525e-01 
       2.535450119592e-01       2.190348389919e-01 
       2.566459973060e-01       2.139858698934e-01 
       2.597469838130e-01       2.087417096076e-01 
       2.628479714390e-01       2.033751606048e-01 
       2.659489601445e-01       1.979756490441e-01 
       2.690499498921e-01       1.926434577303e-01 
       2.721509406458e-01       1.874767617347e-01 
       2.752519323715e-01       1.825588746845e-01 
       2.783529250366e-01       1.779521004082e-01 
       2.814539186098e-01       1.736898176526e-01 
       2.845549130613e-01       1.697799565469e-01 
       2.876559083625e-01       1.662056676539e-01 
       2.907569044861e-01       1.629326565331e-01 
       2.938579014059e-01       1.599149514677e-01 
       2.969588990968e-01       1.570987087621e-01 
       3.000598975348e-01       1.544274409876e-01 
       3.031608966969e-01       1.518447697789e-01 
       3.062618965610e-01       1.492985664061e-01 
       3.093628971058e-01       1.467450333912e-01 
       3.124638983110e-01       1.441529953368e-01 
       3.155649001570e-01       1.415061241521e-01 
       3.186659026250e-01       1.388034609860e-01 
       3.217669056970e-01       1.360573680883e-01 
       3.248679093555e-01       1.332897305774e-01 
       3.279689135839e-01       1.305279251411e-01 
       3.310699183660e-01       1.277994886225e-01 
       3.341709236865e-01       1.251316272367e-01 
       3.372719295303e-01       1.225482026610e-01 
       3.403729358831e-01       1.200689536911e-01 
       3.434739427310e-01       1.177088965415e-01 
       3.465749500607e-01       1.154752575539e-01 
       3.496759578594e-01       1.133697864020e-01 
       3.527769661145e-01       1.113853541977e-01 
       3.558779748142e-01       1.095080221263e-01 
       3.589789839468e-01       1.077196099955e-01 
       3.620799935012e-01       1.060001061312e-01 
       3.651810034666e-01       1.043298460815e-01 
       3.682820138325e-01       1.026919835457e-01 
       3.713830245890e-01       1.010743202951e-01 
       3.744840357261e-01       9.946710994122e-02 
       3.775850472346e-01       9.786437993546e-02 
       3.806860591053e-01       9.626290563476e-02 
       3.837870713295e-01       9.466269426583e-02 
       3.868880838984e-01       9.306691494169e-02 
       3.899890968040e-01       9.148154291413e-02 
       3.930901100382e-01       8.991478594768e-02 
       3.961911235933e-01       8.837568587874e-02 
       3.992921374617e-01       8.687263139282e-02 
       4.023931516362e-01       8.541211125947e-02 
       4.054941661098e-01       8.399815515472e-02 
       4.085951808755e-01       8.263236092212e-02 
       4.116961959268e-01       8.131467511429e-02 
       4.147972112573e-01       8.004390721244e-02 
       4.178982268607e-01       7.881796712058e-02 
       4.209992427309e-01       7.763389173352e-02 
       4.241002588622e-01       7.648780697890e-02 
       4.272012752487e-01       7.537466176729e-02 
       4.303022918849e-01       7.428846846082e-02 
       4.334033087655e-01       7.322353146873e-02 
       4.365043258852e-01       7.217458591979e-02 
       4.396053432390e-01       7.113813620034e-02 
       4.427063608219e-01       7.011215876503e-02 
       4.458073786292e-01       6.909621287600e-02 
       4.489083966561e-01       6.809067009461e-02 
       4.520094148981e-01       6.709644801381e-02 
       4.551104333508e-01       6.611479096186e-02 
       4.582114520099e-01       6.514628163676e-02 
       4.613124708713e-01       6.419445712663e-02 
       4.644134899308e-01       6.326007682467e-02 
       4.675145091846e-01       6.234635740436e-02 
       4.706155286287e-01       6.145519909849e-02 
       4.737165482595e-01       6.058779184815e-02 
       4.768175680732e-01       5.974492785335e-02 
       4.799185880663e-01       5.892511587381e-02 
       4.830196082354e-01       5.812719178167e-02 
       4.861206285770e-01       5.734897652377e-02 
       4.892216490879e-01       5.658743924307e-02 
       4.923226697648e-01       5.584236638359e-02 
       4.954236906047e-01       5.511174484940e-02 
       4.985247116044e-01       5.439383603556e-02 
       5.016257327611e-01       5.368776263308e-02 
       5.047267540718e-01       5.299172815471e-02 
       5.078277755336e-01       5.230409246072e-02 
       5.109287971439e-01       5.162519985172e-02 
       5.140298188999e-01       5.095420855969e-02 
       5.171308407990e-01       5.029333927011e-02 
       5.202318628386e-01       4.964241268298e-02 
       5.233328850162e-01       4.900208406298e-02 
       5.264339073294e-01       4.837375549550e-02 
       5.295349297758e-01       4.775692901708e-02 
       5.326359523530e-01       4.715185592033e-02 
       5.357369750589e-01       4.655813823310e-02 
       5.388379978910e-01       4.597635321036e-02 
       5.419390208474e-01       4.540563441725e-02 
       5.450400439257e-01       4.484701163576e-02 
       5.481410671241e-01       4.429950341628e-02 
       5.512420904404e-01       4.376345473255e-02 
       5.543431138726e-01       4.323748690469e-02 
       5.574441374189e-01       4.271991691158e-02 
       5.605451610773e-01       4.221161176844e-02 
       5.636461848459e-01       4.171123311600e-02 
       5.667472087230e-01       4.121776524857e-02 
       5.698482327068e-01       4.073214688064e-02 
       5.729492567955e-01       4.025425626990e-02 
       5.760502809874e-01       3.978327082489e-02 
       5.791513052809e-01       3.931909708926e-02 
       5.822523296744e-01       3.886165702551e-02 
       5.853533541662e-01       3.841051415382e-02 
       5.884543787547e-01       3.796598193118e-02 
       5.915554034386e-01       3.752835352217e-02 
       5.946564282162e-01       3.709776589015e-02 
       5.977574530862e-01       3.667501181577e-02 
       6.008584780470e-01       3.625934964131e-02 
       6.039595030973e-01       3.585091298886e-02 
       6.070605282357e-01       3.544914567128e-02 
       6.101615534608e-01       3.505383845004e-02 
       6.132625787714e-01       3.466499162891e-02 
       6.163636041661e-01       3.428260328753e-02 
       6.194646296437e-01       3.390623279519e-02 
       6.225656552030e-01       3.353637196525e-02 
       6.256666808426e-01       3.317227592016e-02 
       6.287677065615e-01       3.281380186172e-02 
       6.318687323584e-01       3.245992244182e-02 
       6.349697582322e-01       3.211126408752e-02 
       6.380707841818e-01       3.176701683559e-02 
       6.411718102061e-01       3.142771255587e-02 
       6.442728363040e-01       3.109353989842e-02 
       6.473738624744e-01       3.076428721129e-02 
       6.504748887164e-01       3.043993956477e-02 
       6.535759150288e-01       3.012024775849e-02 
       6.566769414107e-01       2.980512868866e-02 
       6.597779678610e-01       2.949403517415e-02 
       6.628789943790e-01       2.918762481372e-02 
       6.659800209635e-01       2.888575669847e-02 
       6.690810476136e-01       2.858856654123e-02 
       6.721820743285e-01       2.829572279619e-02 
       6.752831011073e-01       2.800751698460e-02 
       6.783841279491e-01       2.772360053059e-02 
       6.814851548529e-01       2.744350139055e-02 
       6.845861818180e-01       2.716743986292e-02 
       6.876872088436e-01       2.689493406644e-02 
       6.907882359288e-01       2.662632059303e-02 
       6.938892630728e-01       2.636148294548e-02 
       6.969902902749e-01       2.610057642225e-02 
       7.000913175342e-01       2.584331698900e-02 
       7.031923448500e-01       2.558943200099e-02 
       7.062933722216e-01       2.533887513809e-02 
       7.093943996482e-01       2.509136464120e-02 
       7.124954271291e-01       2.484706322257e-02 
       7.155964546636e-01       2.460619011323e-02 
       7.186974822509e-01       2.436892649555e-02 
       7.217985098906e-01       2.413446344222e-02 
       7.248995375817e-01       2.390347565833e-02 
       7.280005653238e-01       2.367560667038e-02 
       7.464455758151e-01       2.237977076070e-02 
       7.651667369126e-01       2.116468958435e-02 
       7.841776806813e-01       2.002290174872e-02 
       8.034934156659e-01       1.894799919384e-02 
       8.231301147915e-01       1.793627979969e-02 
       8.431049008713e-01       1.698275768574e-02 
       8.634356368620e-01       1.608334883545e-02 
       8.841407268964e-01       1.523438132423e-02 
       9.052389329755e-01       1.443224144105e-02 
       9.267492110784e-01       1.367372170685e-02 
       9.486905693738e-01       1.295600610022e-02 
       9.710819502047e-01       1.227649304987e-02 
       9.939421365888e-01       1.163286553139e-02 
       1.017289683121e+00       1.102297508819e-02 
       1.041142870404e+00       1.044481552052e-02 
       1.065519681468e+00       9.896622138299e-03 
       1.090437798090e+00       9.376792077760e-03 
       1.115914614496e+00       8.883857438778e-03 
       1.141967265644e+00       8.416172139392e-03 
       1.168612667124e+00       7.972557450360e-03 
       1.195867563719e+00       7.551610034310e-03 
       1.223748583763e+00       7.152419476362e-03 
       1.252272296696e+00       6.773488317733e-03 
       1.281455271503e+00       6.414144799666e-03 
       1.311314134122e+00       6.073328137552e-03 
       1.341865622330e+00       5.750048317096e-03 
       1.373126636993e+00       5.443471548406e-03 
       1.405114289018e+00       5.152581115722e-03 
       1.437845941636e+00       4.877044763996e-03 
       1.471339247998e+00       4.615668547150e-03 
       1.505612184263e+00       4.367773854993e-03 
       1.540683078543e+00       4.132870422499e-03 
       1.576570636173e+00       3.910236933974e-03 
       1.613293961846e+00       3.699202013683e-03 
       1.650872579130e+00       3.499212760245e-03 
       1.689326447901e+00       3.309921337042e-03 
       1.728675980162e+00       3.130223858438e-03 
       1.768942054649e+00       2.960190125372e-03 
       1.810146030594e+00       2.799170923471e-03 
       1.852309760920e+00       2.646572682783e-03 
       1.895455605103e+00       2.502097931179e-03 
       1.939606441877e+00       2.365276562274e-03 
       1.984785681927e+00       2.235721767077e-03 
       2.031017280652e+00       2.113146135506e-03 
       2.078325751098e+00       1.997043204522e-03 
       2.126736177086e+00       1.887069314958e-03 
       2.176274226598e+00       1.783101600115e-03 
       2.226966165435e+00       1.684699897626e-03 
       2.278838871174e+00       1.591480649462e-03 
       2.331919847426e+00       1.503331581032e-03 
       2.386237238440e+00       1.419930701646e-03 
       2.441819844019e+00       1.340994303405e-03 
       2.498697134798e+00       1.266363215258e-03 
       2.556899267871e+00       1.195785545902e-03 
       2.616457102781e+00       1.128997803839e-03 
       2.677402217879e+00       1.065813899008e-03 
       2.739766927073e+00       1.006091765171e-03 
       2.803584296956e+00       9.496584093597e-04 
       2.868888164343e+00       8.962646611370e-04 
       2.935713154210e+00       8.457310128099e-04 
       3.004094698049e+00       7.980467044297e-04 
       3.074069052662e+00       7.529355628041e-04 
       3.145673319376e+00       7.102740850193e-04 
       3.218945463722e+00       6.699926134576e-04 
       3.293924335560e+00       6.318864335957e-04 
       3.370649689682e+00       5.958919679333e-04 
       3.449162206885e+00       5.618523691939e-04 
       3.529503515545e+00       5.297155064439e-04 
       3.611716213687e+00       4.993304252117e-04 
       3.695843891573e+00       4.706761215931e-04 
       3.781931154810e+00       4.435682524266e-04 
       3.870023648006e+00       4.179368746796e-04 
       3.960168078965e+00       3.937869704886e-04 
       4.052412243459e+00       3.709444941914e-04 
       4.146805050564e+00       3.493794468578e-04 
       4.243396548597e+00       3.290041457484e-04 
       4.342237951647e+00       3.097431175375e-04 
       4.443381666736e+00       2.915910050879e-04 
       4.546881321600e+00       2.744349601673e-04 
       4.652791793126e+00       2.582130676723e-04 
       4.761169236447e+00       2.429432516377e-04 
       4.872071114719e+00       2.285158980527e-04 
       4.985556229585e+00       2.148972489592e-04 
       5.101684752356e+00       2.020223320648e-04 
       5.220518255912e+00       1.898936796734e-04 
       5.342119747348e+00       1.784244353330e-04 
       5.466553701386e+00       1.676137179907e-04 
       5.593886094555e+00       1.574163502112e-04 
       5.724184440175e+00       1.477814509445e-04 
       5.857517824153e+00       1.386967535226e-04 
       5.993956941616e+00       1.301273157843e-04 
       6.133574134388e+00       1.220412088595e-04 
       6.276443429353e+00       1.144057902071e-04 
       6.422640577704e+00       1.072111108129e-04 
       6.572243095103e+00       1.004371659635e-04 
       6.725330302784e+00       9.403744859146e-05 
       6.881983369612e+00       8.799782866117e-05 
       7.042285355117e+00       8.230702069956e-05 
       7.206321253533e+00       7.694701522260e-05 
       7.374178038864e+00       7.189284760910e-05 
       7.545944711000e+00       6.712883307157e-05 
       7.721712342904e+00       6.263276868989e-05 
       7.901574128902e+00       5.840266397831e-05 
       8.085625434092e+00       5.441135367996e-05 
       8.273963844913e+00       5.066790759010e-05 
       8.466689220884e+00       4.713092611294e-05 
       8.663903747550e+00       4.380616267768e-05 
       8.865711990663e+00       4.067603564161e-05 
       9.072220951624e+00       3.773198208193e-05 
       9.283540124220e+00       3.496671075096e-05 
       9.499781552672e+00       3.236192361700e-05 
       9.721059891047e+00       2.991755976609e-05 
       9.947492464050e+00       2.761891937348e-05 
       1.017919932923e+01       2.546191959973e-05 
       1.041630334063e+01       2.343630908270e-05 
       1.065893021393e+01       2.154304411926e-05 
       1.090720859313e+01       1.976260796683e-05 
       1.116127011869e+01       1.810198864486e-05 
       1.142124949741e+01       1.654746286693e-05 
       1.168728457379e+01       1.508910994757e-05 
       1.195951640315e+01       1.373156956157e-05 
       1.223808932641e+01       1.246572568751e-05 
       1.252315104662e+01       1.128597647213e-05 
       1.281485270728e+01       1.018979794130e-05 
       1.311334897247e+01       9.170121932579e-06 
       1.341879810886e+01       8.223960524988e-06 
       1.373136206963e+01       7.351732711988e-06 
       1.405120658032e+01       6.543451727404e-06 
       1.437850122673e+01       5.798239301095e-06 
       1.471341954482e+01       5.115884831512e-06 
       1.505613911270e+01       4.488650659645e-06 
       1.540684164483e+01       3.916234963757e-06 
       1.576571308833e+01       3.395018551837e-06 
       1.613294372160e+01       2.922275854194e-06 
       1.650872825517e+01       2.494781479756e-06 
       1.689326593498e+01       2.111081176782e-06 
       1.728676064800e+01       1.767869614730e-06 
       1.768942103034e+01       1.463610175256e-06 
       1.810146057785e+01       1.194706857200e-06 
       1.852309775936e+01       9.604017087327e-07 
       1.895455613248e+01       7.571049922588e-07 
       1.939606446216e+01       5.832893089428e-07 
       1.984785684196e+01       4.365294733699e-07 
       2.031017281816e+01       3.150160774473e-07 
       2.078325751684e+01       2.167081814333e-07 
       2.126736177375e+01       1.393191626545e-07 
       2.176274226738e+01       8.113945144724e-08 
       2.226966165502e+01       3.994995811727e-08 
       2.278838871204e+01       1.412537544577e-08 
       2.331919847440e+01       1.755430434630e-09 
       2.386237238446e+01       9.847485174078e-10 
       2.441819844021e+01       1.008626315810e-08 
       2.498697134799e+01       2.734471262729e-08 
       2.556899267872e+01       5.112201632469e-08 
       2.616457102781e+01       8.000498480293e-08 
       2.677402217879e+01       1.122583989742e-07 
       2.739766927073e+01       1.466495214633e-07 
       2.803584296956e+01       1.820072617383e-07 
       2.868888164343e+01       2.170384546991e-07 
       2.935713154210e+01       2.508344528176e-07 
       3.004094698049e+01       2.817874679450e-07 
       3.074069052662e+01       3.101840985639e-07 
       3.145673319376e+01       3.319010408458e-07 
       3.218945463722e+01       3.536280262105e-07 
       3.293924335560e+01       3.703301856994e-07 
       3.370649689682e+01       3.809678686885e-07 
       3.449162206885e+01       3.852754865374e-07 
       3.529503515545e+01       3.859627010077e-07 
       3.611716213687e+01       3.815237375030e-07 
       3.695843891573e+01       3.719965465125e-07 
       3.781931154810e+01       3.569690398008e-07 
       3.870023648006e+01       3.397152685545e-07 
       3.960168078965e+01       3.180282277168e-07 
       4.052412243459e+01       2.940195648798e-07 
       4.146805050564e+01       2.682328426655e-07 
       4.243396548597e+01       2.404106977777e-07 
       4.342237951647e+01       2.125533447565e-07 
       4.443381666736e+01       1.847474147019e-07 
       4.546881321600e+01       1.576356442975e-07 
       4.652791793126e+01       1.319770932464e-07 
       4.761169236447e+01       1.071934542471e-07 
       4.872071114719e+01       8.466340291824e-08 
       4.985556229585e+01       6.459267229126e-08 
       5.101684752356e+01       4.728239632762e-08 
       5.220518255912e+01       3.270304450655e-08 
       5.342119747348e+01       2.134470591249e-08 
       5.466553701386e+01       1.242408392940e-08 
       5.593886094555e+01       6.164396144478e-09 
       5.724184440175e+01       2.200457690435e-09 
       5.857517824153e+01       3.004858638678e-10 
       5.993956941616e+01       9.940080286222e-11 
       6.133574134388e+01       1.228802625601e-09 
       6.276443429353e+01       3.279496929725e-09 
       6.422640577704e+01       5.898205334252e-09 
       6.572243095103e+01       8.696862999567e-09 
       6.725330302784e+01       1.152792105458e-08 
       6.881983369612e+01       1.371586385158e-08 
       7.042285355117e+01       1.564216685787e-08 
       7.206321253533e+01       1.618479983377e-08 
       7.374178038864e+01       1.718486753365e-08 
       7.545944711000e+01       1.697534526457e-08 
       7.721712342904e+01       1.577016012850e-08 
       7.901574128902e+01       1.443765873383e-08 
       8.085625434092e+01       1.259343301854e-08 
       8.273963844913e+01       1.071746678878e-08 
       8.466689220884e+01       8.175957031712e-09 
       8.663903747550e+01       7.056316358330e-09 
       8.865711990663e+01       4.714750164865e-09 
       9.072220951624e+01       2.609196134432e-09 
       9.283540124220e+01       1.954360294676e-09 
       9.499781552671e+01       8.941571924405e-10 
       9.721059891047e+01       1.890802544523e-10 
       9.947492464050e+01       4.257610740766e-11 
       1.017919932923e+02       2.627849387712e-11 
       1.041630334063e+02       9.926981042241e-11 
       1.065893021393e+02       5.100618116257e-10 
       1.090720859313e+02       2.641889425779e-10 
       1.116127011869e+02       6.563953443670e-10 
       1.142124949741e+02       5.188367987355e-10 
       1.168728457379e+02       7.435501203621e-10 
       1.195951640315e+02       8.049702928277e-10 
       1.223808932641e+02       5.232177395328e-10 
       1.252315104662e+02       7.628104425600e-10 
       1.281485270728e+02       5.370715909888e-10 
       1.311334897247e+02       2.526606691246e-10 
       1.341879810886e+02       7.038590873069e-10 
       1.373136206963e+02       5.730899056066e-11 
       1.405120658032e+02       1.684991635868e-11 
       1.437850122673e+02       6.550271416130e-11 
       1.471341954482e+02       7.126318800376e-11 
       1.505613911270e+02       7.381625472142e-12 
       1.540684164483e+02       2.231831315456e-10 
       1.576571308833e+02       8.786307069185e-12 
       1.613294372160e+02       1.074418679166e-10 
       1.650872825517e+02       2.588304423347e-10 
       1.689326593498e+02       5.140917000837e-12 
       1.728676064800e+02       4.298245016816e-10 
       1.768942103034e+02       1.142909022151e-10 
       1.810146057785e+02       4.093675707635e-11 
       1.852309775936e+02       7.932586063392e-10 
       1.895455613248e+02       4.962393944204e-11 
       1.939606446216e+02       7.562440228079e-11 
       1.984785684196e+02       3.470383501783e-11 
       2.031017281816e+02       2.301011276683e-11 
