# Matter power spectrum P(k) at redshift z=99
# for k=1.00899e-05 to 203.102 h/Mpc,
# number of wavenumbers equal to 845
#    1:k (h/Mpc)              2:P (Mpc/h)^3        
       1.008985923385e-05       8.602955780513e-03 
       2.251775554930e-05       1.859264658571e-02 
       3.498636120606e-05       2.838299847887e-02 
       4.752690065129e-05       3.808684020486e-02 
       6.017107953816e-05       4.776635958030e-02 
       7.295134796828e-05       5.746691451559e-02 
       8.590117159567e-05       6.722645693434e-02 
       9.905531396721e-05       7.707935991400e-02 
       1.124501335013e-04       8.705834489775e-02 
       1.261238985365e-04       9.719562543821e-02 
       1.401171238971e-04       1.075236790369e-01 
       1.544729323969e-04       1.180758258719e-01 
       1.692374446017e-04       1.288867177243e-01 
       1.844601999509e-04       1.399927643828e-01 
       2.001946119308e-04       1.514325423869e-01 
       2.164984593225e-04       1.632471919805e-01 
       2.334344144963e-04       1.754808151301e-01 
       2.510706081659e-04       1.881808815237e-01 
       2.694812277618e-04       2.013986332539e-01 
       2.887471434300e-04       2.151895062267e-01 
       3.089565513521e-04       2.296135385348e-01 
       3.302056183397e-04       2.447357656952e-01 
       3.525991041884e-04       2.606265945544e-01 
       3.762509288441e-04       2.773621093979e-01 
       4.012846398935e-04       2.950243045585e-01 
       4.278337223492e-04       3.137011857494e-01 
       4.560416776520e-04       3.334866896684e-01 
       4.860617833901e-04       3.544803747323e-01 
       5.180564314341e-04       3.767867931932e-01 
       5.521959331310e-04       4.005144889217e-01 
       5.886566802046e-04       4.257745472465e-01 
       6.276185644258e-04       4.526786154009e-01 
       6.692615935926e-04       4.813363959829e-01 
       7.137617004578e-04       5.118526025647e-01 
       7.612858262925e-04       5.443234474219e-01 
       8.119864673565e-04       5.788328130461e-01 
       8.659959883789e-04       6.154483496573e-01 
       9.234211117495e-04       6.542177507570e-01 
       9.843380585498e-04       6.951655845292e-01 
       1.048788822721e-03       7.382909634051e-01 
       1.116778987109e-03       7.835663759679e-01 
       1.188277341859e-03       8.309377827880e-01 
       1.263217364320e-03       8.803262338388e-01 
       1.341500404014e-03       9.316388370890e-01 
       1.423000230117e-03       9.847487261025e-01 
       1.507568477514e-03       1.039520413270e+00 
       1.595040487398e-03       1.095807722558e+00 
       1.685241075052e-03       1.153457984331e+00 
       1.777989849946e-03       1.212315819088e+00 
       1.873105833493e-03       1.272226414879e+00 
       1.970411241375e-03       1.333038222879e+00 
       2.069734401352e-03       1.394604922741e+00 
       2.170911854437e-03       1.456786948804e+00 
       2.273789735608e-03       1.519452471502e+00 
       2.378224553543e-03       1.582477808263e+00 
       2.484083493407e-03       1.645747788171e+00 
       2.591244358870e-03       1.709155436027e+00 
       2.699595254824e-03       1.772602246760e+00 
       2.809034094888e-03       1.835997263778e+00 
       2.919468000394e-03       1.899257142465e+00 
       3.030812641761e-03       1.962305327040e+00 
       3.142991559685e-03       2.025072158038e+00 
       3.255935492585e-03       2.087493489519e+00 
       3.369581728141e-03       2.149511190397e+00 
       3.483873490193e-03       2.211072093065e+00 
       3.598759367421e-03       2.272128444025e+00 
       3.714192786759e-03       2.332635873969e+00 
       3.830131532053e-03       2.392555160108e+00 
       3.946537306880e-03       2.451849959100e+00 
       4.063375339396e-03       2.510488642733e+00 
       4.180614026477e-03       2.568441364464e+00 
       4.298224614140e-03       2.625682976529e+00 
       4.416180911106e-03       2.682190019850e+00 
       4.534459032436e-03       2.737941546618e+00 
       4.653037170281e-03       2.792919975409e+00 
       4.771895388998e-03       2.847108935065e+00 
       4.891015442065e-03       2.900495601789e+00 
       5.010380608463e-03       2.953067863968e+00 
       5.129975546421e-03       3.004815063324e+00 
       5.249786162607e-03       3.055730262843e+00 
       5.369799495068e-03       3.105806090679e+00 
       5.490003608392e-03       3.155038738339e+00 
       5.610387499743e-03       3.203423889193e+00 
       5.730941014549e-03       3.250958817049e+00 
       5.851654770797e-03       3.297642819083e+00 
       5.972520090970e-03       3.343476581871e+00 
       6.093528940795e-03       3.388460356280e+00 
       6.214673874059e-03       3.432596321895e+00 
       6.335947982840e-03       3.475887830780e+00 
       6.457344852562e-03       3.518337303982e+00 
       6.578858521367e-03       3.559950915813e+00 
       6.700483443346e-03       3.600733229658e+00 
       6.822214455222e-03       3.640688709377e+00 
       6.944046746129e-03       3.679824757261e+00 
       7.065975830168e-03       3.718148410454e+00 
       7.187997521452e-03       3.755664782326e+00 
       7.310107911398e-03       3.792384345479e+00 
       7.432303348035e-03       3.828314235654e+00 
       7.554580417124e-03       3.863462321458e+00 
       7.676935924931e-03       3.897835225840e+00 
       7.799366882465e-03       3.931443581940e+00 
       7.921870491067e-03       3.964296167791e+00 
       8.044444129208e-03       3.996401497349e+00 
       8.167085340379e-03       4.027768983171e+00 
       8.289791821990e-03       4.058406693297e+00 
       8.412561415158e-03       4.088325464918e+00 
       8.535392095331e-03       4.117533660766e+00 
       8.658281963652e-03       4.146040282195e+00 
       8.781229239010e-03       4.173853815154e+00 
       8.904232250708e-03       4.200986097198e+00 
       9.027289431704e-03       4.227443769249e+00 
       9.150399312368e-03       4.253236048077e+00 
       9.273560514714e-03       4.278372720066e+00 
       9.396771747065e-03       4.302862150664e+00 
       9.520031799123e-03       4.326712618870e+00 
       9.643339537395e-03       4.349934019456e+00 
       9.766693900965e-03       4.372532473683e+00 
       9.890093897566e-03       4.394518794053e+00 
       1.001353859994e-02       4.415901058299e+00 
       1.013702714247e-02       4.436685005257e+00 
       1.026055871802e-02       4.456880034019e+00 
       1.038413257505e-02       4.476493432748e+00 
       1.050774801489e-02       4.495536059245e+00 
       1.063140438921e-02       4.514008559834e+00 
       1.075510109773e-02       4.531926215059e+00 
       1.087883758598e-02       4.549291111097e+00 
       1.100261334330e-02       4.566110004864e+00 
       1.112642790095e-02       4.582391597306e+00 
       1.125028083038e-02       4.598143185629e+00 
       1.137417174154e-02       4.613370230724e+00 
       1.149810028141e-02       4.628081092337e+00 
       1.162206613256e-02       4.642278912100e+00 
       1.174606901183e-02       4.655973205031e+00 
       1.187010866910e-02       4.669169231410e+00 
       1.199418488617e-02       4.681872991483e+00 
       1.211829747567e-02       4.694089678601e+00 
       1.224244628010e-02       4.705827337984e+00 
       1.236663117090e-02       4.717090256545e+00 
       1.249085204757e-02       4.727884160219e+00 
       1.261510883696e-02       4.738216162072e+00 
       1.273940149246e-02       4.748089152346e+00 
       1.286372999336e-02       4.757513114579e+00 
       1.298809434421e-02       4.766489965994e+00 
       1.311249457428e-02       4.775025333198e+00 
       1.323693073698e-02       4.783125334318e+00 
       1.336140290942e-02       4.790796174796e+00 
       1.348591119193e-02       4.798043607342e+00 
       1.361045570765e-02       4.804871189113e+00 
       1.373503660222e-02       4.811284803450e+00 
       1.385965404336e-02       4.817290301285e+00 
       1.398430822064e-02       4.822891737033e+00 
       1.410899934517e-02       4.828095624317e+00 
       1.423372764937e-02       4.832904126922e+00 
       1.435849338678e-02       4.837326710191e+00 
       1.448329683185e-02       4.841364737310e+00 
       1.460813827981e-02       4.845023920226e+00 
       1.473301804651e-02       4.848312067217e+00 
       1.485793646835e-02       4.851230875839e+00 
       1.498289390217e-02       4.853784040728e+00 
       1.510789072521e-02       4.855982131132e+00 
       1.523292733507e-02       4.857824546521e+00 
       1.535800414968e-02       4.859317355419e+00 
       1.548312160735e-02       4.860469060797e+00 
       1.560828016672e-02       4.861281767982e+00 
       1.573348030688e-02       4.861755519150e+00 
       1.585872252741e-02       4.861900492625e+00 
       1.598400734844e-02       4.861721268108e+00 
       1.610933531079e-02       4.861219774470e+00 
       1.623470697605e-02       4.860405159830e+00 
       1.636012292677e-02       4.859279542357e+00 
       1.648558376655e-02       4.857842454705e+00 
       1.661109012028e-02       4.856107981216e+00 
       1.673664263428e-02       4.854072489270e+00 
       1.686224197652e-02       4.851745830275e+00 
       1.698788883685e-02       4.849130323312e+00 
       1.711358392725e-02       4.846226462568e+00 
       1.723932798205e-02       4.843045430545e+00 
       1.736512175823e-02       4.839586450525e+00 
       1.749096603570e-02       4.835855829574e+00 
       1.761686161762e-02       4.831855030082e+00 
       1.774280933070e-02       4.827597724537e+00 
       1.786881002554e-02       4.823076793472e+00 
       1.799486457700e-02       4.818300845212e+00 
       1.812097388457e-02       4.813274735161e+00 
       1.824713887274e-02       4.807998343234e+00 
       1.837336049141e-02       4.802482311101e+00 
       1.849963971633e-02       4.796726067928e+00 
       1.862597754953e-02       4.790731174196e+00 
       1.875237501977e-02       4.784507405557e+00 
       1.887883318301e-02       4.778054945243e+00 
       1.900535312294e-02       4.771382499801e+00 
       1.913193595143e-02       4.764486241956e+00 
       1.925858280911e-02       4.757376098970e+00 
       1.938529486592e-02       4.750049205249e+00 
       1.951207332163e-02       4.742516690324e+00 
       1.963891940648e-02       4.734775858834e+00 
       1.976583438176e-02       4.726837340879e+00 
       1.989281954046e-02       4.718698529502e+00 
       2.001987620788e-02       4.710363465965e+00 
       2.014700574237e-02       4.701843389599e+00 
       2.027420953594e-02       4.693129781554e+00 
       2.040148901504e-02       4.684233442264e+00 
       2.052884564128e-02       4.675155561174e+00 
       2.065628091220e-02       4.665902190753e+00 
       2.078379636203e-02       4.656476051828e+00 
       2.091139356253e-02       4.646877859472e+00 
       2.103907412384e-02       4.637104884206e+00 
       2.116683969530e-02       4.627178821053e+00 
       2.129469196640e-02       4.617080959570e+00 
       2.142263266765e-02       4.606832723727e+00 
       2.155066357157e-02       4.596425811346e+00 
       2.167878649364e-02       4.585876811603e+00 
       2.180700329333e-02       4.575167105745e+00 
       2.193531587513e-02       4.564317317579e+00 
       2.206372618964e-02       4.553320609662e+00 
       2.219223623466e-02       4.542188414218e+00 
       2.232084805636e-02       4.530924961883e+00 
       2.244956375042e-02       4.519523342665e+00 
       2.257838546331e-02       4.507987637488e+00 
       2.270731539347e-02       4.496332444351e+00 
       2.283635579267e-02       4.484548413972e+00 
       2.296550896730e-02       4.472632966229e+00 
       2.309477727980e-02       4.460618733385e+00 
       2.322416315002e-02       4.448487433499e+00 
       2.335366905675e-02       4.436227312885e+00 
       2.348329753921e-02       4.423862906047e+00 
       2.361305119861e-02       4.411387746479e+00 
       2.374293269977e-02       4.398809406006e+00 
       2.387294477280e-02       4.386133801273e+00 
       2.400309021484e-02       4.373351338448e+00 
       2.413337189178e-02       4.360480706526e+00 
       2.426379274017e-02       4.347512855047e+00 
       2.439435576908e-02       4.334447024310e+00 
       2.452506406208e-02       4.321293407694e+00 
       2.465592077927e-02       4.308050631873e+00 
       2.478692915937e-02       4.294734373531e+00 
       2.491809252189e-02       4.281322610195e+00 
       2.504941426942e-02       4.267830338751e+00 
       2.518089788986e-02       4.254271658083e+00 
       2.531254695892e-02       4.240634052102e+00 
       2.544436514254e-02       4.226926456654e+00 
       2.557635619949e-02       4.213134095690e+00 
       2.570852398403e-02       4.199296058687e+00 
       2.584087244865e-02       4.185379778810e+00 
       2.597340564696e-02       4.171388851681e+00 
       2.610612773662e-02       4.157351997641e+00 
       2.623904298241e-02       4.143248407151e+00 
       2.637215575941e-02       4.129088313291e+00 
       2.650547055630e-02       4.114878894499e+00 
       2.663899197875e-02       4.100601558609e+00 
       2.677272475300e-02       4.086286896102e+00 
       2.690667372948e-02       4.071920462237e+00 
       2.704084388668e-02       4.057496100525e+00 
       2.717524033506e-02       4.043032636213e+00 
       2.730986832117e-02       4.028528849978e+00 
       2.744473323193e-02       4.013975461191e+00 
       2.757984059904e-02       3.999386966115e+00 
       2.771519610360e-02       3.984763297020e+00 
       2.785080558089e-02       3.970109760043e+00 
       2.798667502534e-02       3.955397877380e+00 
       2.812281059571e-02       3.940675493347e+00 
       2.825921862046e-02       3.925902495033e+00 
       2.839590560337e-02       3.911114689663e+00 
       2.853287822937e-02       3.896294393303e+00 
       2.867014337060e-02       3.881440220261e+00 
       2.880770809274e-02       3.866570293321e+00 
       2.894557966159e-02       3.851667050671e+00 
       2.908376554997e-02       3.836756567978e+00 
       2.922227344485e-02       3.821815160607e+00 
       2.936111125486e-02       3.806855315504e+00 
       2.950028711803e-02       3.791880824287e+00 
       2.963980940998e-02       3.776883006846e+00 
       2.977968675242e-02       3.761868478835e+00 
       2.991992802197e-02       3.746845122774e+00 
       3.006054235952e-02       3.731812465752e+00 
       3.020153917986e-02       3.716761707842e+00 
       3.034292818185e-02       3.701704642614e+00 
       3.048471935906e-02       3.686633015858e+00 
       3.062692301082e-02       3.671550155338e+00 
       3.076954975391e-02       3.656483450573e+00 
       3.091261053472e-02       3.641398659177e+00 
       3.105611664203e-02       3.626301816359e+00 
       3.120007972039e-02       3.611211401803e+00 
       3.134451178417e-02       3.596100015504e+00 
       3.148942523232e-02       3.581003588850e+00 
       3.163483286384e-02       3.565905411768e+00 
       3.178074789403e-02       3.550810644432e+00 
       3.192718397158e-02       3.535708101161e+00 
       3.207415519655e-02       3.520607091433e+00 
       3.222167613928e-02       3.505514099846e+00 
       3.236976186026e-02       3.490416777276e+00 
       3.251842793110e-02       3.475345881578e+00 
       3.266769045662e-02       3.460239755226e+00 
       3.281756609808e-02       3.445186181431e+00 
       3.296807209781e-02       3.430109374671e+00 
       3.311922630503e-02       3.415033432364e+00 
       3.327104720329e-02       3.399996142335e+00 
       3.342355393934e-02       3.384943690687e+00 
       3.357676635374e-02       3.369889507593e+00 
       3.373070501315e-02       3.354870590991e+00 
       3.388539124463e-02       3.339852036247e+00 
       3.404084717188e-02       3.324839524326e+00 
       3.419709575366e-02       3.309843636957e+00 
       3.435416082463e-02       3.294848307330e+00 
       3.451206713858e-02       3.279881195830e+00 
       3.467084041444e-02       3.264910280644e+00 
       3.483050738512e-02       3.249939238742e+00 
       3.499109584951e-02       3.234990362257e+00 
       3.515263472782e-02       3.220080262326e+00 
       3.531515412053e-02       3.205148408455e+00 
       3.547868537122e-02       3.190239706635e+00 
       3.564326113364e-02       3.175342416978e+00 
       3.580891544335e-02       3.160457551143e+00 
       3.597568379423e-02       3.145585519793e+00 
       3.614360322038e-02       3.130729146536e+00 
       3.631271238380e-02       3.115872740764e+00 
       3.648305166828e-02       3.101028829496e+00 
       3.665466328025e-02       3.086213008284e+00 
       3.682759135694e-02       3.071400507509e+00 
       3.700188208264e-02       3.056597281841e+00 
       3.717758381384e-02       3.041805217545e+00 
       3.735474721393e-02       3.027022954231e+00 
       3.753342539844e-02       3.012242057952e+00 
       3.771367409180e-02       2.997473670397e+00 
       3.789555179669e-02       2.982725268524e+00 
       3.807911997726e-02       2.967970997434e+00 
       3.826444325751e-02       2.953234781323e+00 
       3.845158963647e-02       2.938503125903e+00 
       3.864063072175e-02       2.923776900756e+00 
       3.883164198345e-02       2.909053147839e+00 
       3.902470303062e-02       2.894330131640e+00 
       3.921989791253e-02       2.879612500963e+00 
       3.941731544758e-02       2.864894350762e+00 
       3.961704958289e-02       2.850176096279e+00 
       3.981919978798e-02       2.835461770363e+00 
       4.002387148648e-02       2.820744683742e+00 
       4.023117653032e-02       2.806023556782e+00 
       4.044123372141e-02       2.791293089225e+00 
       4.065416938658e-02       2.776558993810e+00 
       4.087011801240e-02       2.761817389399e+00 
       4.108922294733e-02       2.747063253423e+00 
       4.131163717982e-02       2.732291827691e+00 
       4.153752420241e-02       2.717510710865e+00 
       4.176705897322e-02       2.702717104189e+00 
       4.200042898802e-02       2.687897928948e+00 
       4.223783547839e-02       2.673059547593e+00 
       4.247949475379e-02       2.658191190655e+00 
       4.272563970839e-02       2.643300756623e+00 
       4.297652151713e-02       2.628377710826e+00 
       4.323241154967e-02       2.613409857879e+00 
       4.349360353592e-02       2.598416885474e+00 
       4.376041602319e-02       2.583372442827e+00 
       4.403319517213e-02       2.568284604422e+00 
       4.431231794788e-02       2.553145981662e+00 
       4.459819577357e-02       2.537946398086e+00 
       4.489127872701e-02       2.522687309839e+00 
       4.519206037738e-02       2.507352363092e+00 
       4.550108337953e-02       2.491951811988e+00 
       4.581894596815e-02       2.476472626691e+00 
       4.614630952536e-02       2.460892410928e+00 
       4.648390743429e-02       2.445205104070e+00 
       4.683255547970e-02       2.429420081500e+00 
       4.719316411816e-02       2.413507836642e+00 
       4.756675301773e-02       2.397470602816e+00 
       4.795446836503e-02       2.381301217055e+00 
       4.835760356241e-02       2.364981572697e+00 
       4.877762409663e-02       2.348468888868e+00 
       4.921619756285e-02       2.331753434423e+00 
       4.967523008562e-02       2.314803858561e+00 
       5.015691070604e-02       2.297608745650e+00 
       5.066376571717e-02       2.280134841077e+00 
       5.119872544391e-02       2.262326331238e+00 
       5.176520658853e-02       2.244164967420e+00 
       5.236721399178e-02       2.225578618119e+00 
       5.300946644312e-02       2.206494745632e+00 
       5.369755187007e-02       2.186826880963e+00 
       5.443811751592e-02       2.166470589565e+00 
       5.523909986870e-02       2.145281343289e+00 
       5.610999570581e-02       2.123069410961e+00 
       5.706216694303e-02       2.099582403622e+00 
       5.810915312358e-02       2.074503512022e+00 
       5.926692834861e-02       2.047372945226e+00 
       6.055397337690e-02       2.017593634042e+00 
       6.199093019779e-02       1.984358277636e+00 
       6.359947941573e-02       1.946610208750e+00 
       6.540001143586e-02       1.903061661850e+00 
       6.740785584535e-02       1.852253912969e+00 
       6.962856954584e-02       1.792835371899e+00 
       7.205402576627e-02       1.723964454254e+00 
       7.466181558845e-02       1.645820113412e+00 
       7.741925945704e-02       1.559908398143e+00 
       8.029037151845e-02       1.468990879926e+00 
       8.324228136121e-02       1.376613278147e+00 
       8.624873568324e-02       1.286483420714e+00 
       8.929066763551e-02       1.201898948949e+00 
       9.235510012400e-02       1.125364636569e+00 
       9.543357075755e-02       1.058431215329e+00 
       9.852071039889e-02       1.001689772168e+00 
       1.016131705669e-01       9.548802859223e-01 
       1.047088850236e-01       9.170524406390e-01 
       1.078065869652e-01       8.867514384666e-01 
       1.109055026927e-01       8.621963850135e-01 
       1.140051606950e-01       8.414575136399e-01 
       1.171052739291e-01       8.226239816205e-01 
       1.202056676986e-01       8.039745999893e-01 
       1.233062356398e-01       7.841132267632e-01 
       1.264069129232e-01       7.620874112151e-01 
       1.295076599588e-01       7.374419760286e-01 
       1.326084524970e-01       7.102122961497e-01 
       1.357092756157e-01       6.808626011635e-01 
       1.388101200703e-01       6.501724417292e-01 
       1.419109800763e-01       6.190975170121e-01 
       1.450118519627e-01       5.886365300264e-01 
       1.481127333536e-01       5.597046687085e-01 
       1.512136226708e-01       5.330586390327e-01 
       1.543145188302e-01       5.092134246243e-01 
       1.574154210577e-01       4.884286480000e-01 
       1.605163287752e-01       4.707369569621e-01 
       1.636172415321e-01       4.559411969175e-01 
       1.667181589622e-01       4.436740486372e-01 
       1.698190807569e-01       4.334137980313e-01 
       1.729200066488e-01       4.246125026720e-01 
       1.760209364009e-01       4.166890230349e-01 
       1.791218697997e-01       4.091554919764e-01 
       1.822228066506e-01       4.014238061142e-01 
       1.853237467746e-01       3.930934550754e-01 
       1.884246900064e-01       3.839194061142e-01 
       1.915256361923e-01       3.738188868482e-01 
       1.946265851889e-01       3.628638239754e-01 
       1.977275368625e-01       3.512524864141e-01 
       2.008284910877e-01       3.392726823271e-01 
       2.039294477471e-01       3.272405626664e-01 
       2.070304067303e-01       3.154674353628e-01 
       2.101313679336e-01       3.042215805643e-01 
       2.132323312595e-01       2.937186962982e-01 
       2.163332966159e-01       2.841080947882e-01 
       2.194342639162e-01       2.754735111741e-01 
       2.225352330786e-01       2.678334836120e-01 
       2.256362040257e-01       2.611423909654e-01 
       2.287371766844e-01       2.552963590098e-01 
       2.318381509857e-01       2.501420293592e-01 
       2.349391268640e-01       2.454983468874e-01 
       2.380401042573e-01       2.411701233633e-01 
       2.411410831068e-01       2.369741810625e-01 
       2.442420633567e-01       2.327566288160e-01 
       2.473430449540e-01       2.284018378328e-01 
       2.504440278483e-01       2.238348380278e-01 
       2.535450119918e-01       2.190247839925e-01 
       2.566459973389e-01       2.139783559910e-01 
       2.597469838462e-01       2.087369404027e-01 
       2.628479714724e-01       2.033707911900e-01 
       2.659489601782e-01       1.979704859580e-01 
       2.690499499260e-01       1.926366498473e-01 
       2.721509406800e-01       1.874681763411e-01 
       2.752519324060e-01       1.825499659755e-01 
       2.783529250714e-01       1.779434925328e-01 
       2.814539186449e-01       1.736816797321e-01 
       2.845549130966e-01       1.697734730572e-01 
       2.876559083981e-01       1.662005215599e-01 
       2.907569045219e-01       1.629295191791e-01 
       2.938579014420e-01       1.599113389486e-01 
       2.969588991332e-01       1.570950588658e-01 
       3.000598975715e-01       1.544237560133e-01 
       3.031608967339e-01       1.518415802708e-01 
       3.062618965982e-01       1.492956231838e-01 
       3.093628971433e-01       1.467421530562e-01 
       3.124638983487e-01       1.441494918851e-01 
       3.155649001950e-01       1.415017632282e-01 
       3.186659026633e-01       1.387977529243e-01 
       3.217669057355e-01       1.360511466507e-01 
       3.248679093943e-01       1.332833657453e-01 
       3.279689136230e-01       1.305218940645e-01 
       3.310699184054e-01       1.277942102557e-01 
       3.341709237261e-01       1.251270891024e-01 
       3.372719295702e-01       1.225440479554e-01 
       3.403729359232e-01       1.200650047461e-01 
       3.434739427715e-01       1.177046016272e-01 
       3.465749501015e-01       1.154714841551e-01 
       3.496759579004e-01       1.133665399852e-01 
       3.527769661558e-01       1.113829067331e-01 
       3.558779748558e-01       1.095064893980e-01 
       3.589789839887e-01       1.077187952053e-01 
       3.620799935433e-01       1.059987998929e-01 
       3.651810035090e-01       1.043277822696e-01 
       3.682820138752e-01       1.026891935087e-01 
       3.713830246319e-01       1.010705184046e-01 
       3.744840357693e-01       9.946262932331e-02 
       3.775850472781e-01       9.785939578161e-02 
       3.806860591491e-01       9.625789453987e-02 
       3.837870713735e-01       9.465760584141e-02 
       3.868880839427e-01       9.306190478075e-02 
       3.899890968486e-01       9.147656315179e-02 
       3.930901100830e-01       8.991001099412e-02 
       3.961911236384e-01       8.837145992184e-02 
       3.992921375071e-01       8.686917957364e-02 
       4.023931516818e-01       8.540952142451e-02 
       4.054941661557e-01       8.399625018281e-02 
       4.085951809217e-01       8.263092064056e-02 
       4.116961959733e-01       8.131314828903e-02 
       4.147972113040e-01       8.004190999138e-02 
       4.178982269077e-01       7.881519882871e-02 
       4.209992427782e-01       7.763050388638e-02 
       4.241002589097e-01       7.648397727394e-02 
       4.272012752965e-01       7.537060042121e-02 
       4.303022919330e-01       7.428442104012e-02 
       4.334033088139e-01       7.321940029822e-02 
       4.365043259339e-01       7.217046999760e-02 
       4.396053432879e-01       7.113398430764e-02 
       4.427063608711e-01       7.010806645226e-02 
       4.458073786786e-01       6.909241863928e-02 
       4.489083967058e-01       6.808732520359e-02 
       4.520094149481e-01       6.709362609455e-02 
       4.551104334010e-01       6.611226371632e-02 
       4.582114520605e-01       6.514448019602e-02 
       4.613124709221e-01       6.419214650126e-02 
       4.644134899819e-01       6.325745215970e-02 
       4.675145092360e-01       6.234317665800e-02 
       4.706155286804e-01       6.145162539041e-02 
       4.737165483114e-01       6.058428560329e-02 
       4.768175681254e-01       5.974134420065e-02 
       4.799185881188e-01       5.892175079876e-02 
       4.830196082881e-01       5.812368957702e-02 
       4.861206286300e-01       5.734509769311e-02 
       4.892216491411e-01       5.658401515136e-02 
       4.923226698183e-01       5.583885993317e-02 
       4.954236906585e-01       5.510825910790e-02 
       4.985247116585e-01       5.439069098905e-02 
       5.016257328155e-01       5.368468261636e-02 
       5.047267541264e-01       5.298861398619e-02 
       5.078277755885e-01       5.230133949669e-02 
       5.109287971991e-01       5.162226238206e-02 
       5.140298189553e-01       5.095145165411e-02 
       5.171308408547e-01       5.028995794273e-02 
       5.202318628946e-01       4.963872743078e-02 
       5.233328850725e-01       4.899864282744e-02 
       5.264339073859e-01       4.837026985949e-02 
       5.295349298326e-01       4.775361267359e-02 
       5.326359524101e-01       4.714850748031e-02 
       5.357369751162e-01       4.655497570143e-02 
       5.388379979486e-01       4.597279895029e-02 
       5.419390209052e-01       4.540234976889e-02 
       5.450400439839e-01       4.484368176241e-02 
       5.481410671825e-01       4.429662918663e-02 
       5.512420904991e-01       4.376050149347e-02 
       5.543431139316e-01       4.323443082063e-02 
       5.574441374781e-01       4.271737261694e-02 
       5.605451611368e-01       4.220859332720e-02 
       5.636461849057e-01       4.170762761253e-02 
       5.667472087831e-01       4.121447562311e-02 
       5.698482327671e-01       4.072893639890e-02 
       5.729492568561e-01       4.025096775007e-02 
       5.760502810483e-01       3.978023489823e-02 
       5.791513053420e-01       3.931630653909e-02 
       5.822523297358e-01       3.885879468028e-02 
       5.853533542278e-01       3.840762227225e-02 
       5.884543788167e-01       3.796296126631e-02 
       5.915554035008e-01       3.752523230635e-02 
       5.946564282787e-01       3.709480520179e-02 
       5.977574531490e-01       3.667191799479e-02 
       6.008584781101e-01       3.625639460683e-02 
       6.039595031606e-01       3.584798628043e-02 
       6.070605282993e-01       3.544625419703e-02 
       6.101615535247e-01       3.505097912745e-02 
       6.132625788356e-01       3.466203332331e-02 
       6.163636042306e-01       3.427949963106e-02 
       6.194646297084e-01       3.390336721949e-02 
       6.225656552679e-01       3.353346761927e-02 
       6.256666809078e-01       3.316945470023e-02 
       6.287677066270e-01       3.281082998858e-02 
       6.318687324242e-01       3.245716942444e-02 
       6.349697582983e-01       3.210825853989e-02 
       6.380707842481e-01       3.176409027524e-02 
       6.411718102727e-01       3.142482317818e-02 
       6.442728363709e-01       3.109059147608e-02 
       6.473738625416e-01       3.076140224488e-02 
       6.504748887838e-01       3.043709321022e-02 
       6.535759150964e-01       3.011741797273e-02 
       6.566769414786e-01       2.980216843369e-02 
       6.597779679293e-01       2.949122231908e-02 
       6.628789944474e-01       2.918467278556e-02 
       6.659800210322e-01       2.888270995671e-02 
       6.690810476827e-01       2.858541152896e-02 
       6.721820743978e-01       2.829283611245e-02 
       6.752831011769e-01       2.800471681507e-02 
       6.783841280189e-01       2.772077131054e-02 
       6.814851549230e-01       2.744073744630e-02 
       6.845861818884e-01       2.716447933376e-02 
       6.876872089143e-01       2.689201491281e-02 
       6.907882359997e-01       2.662340594999e-02 
       6.938892631440e-01       2.635868584595e-02 
       6.969902903463e-01       2.609784456810e-02 
       7.000913176059e-01       2.584072198627e-02 
       7.031923449220e-01       2.558691010196e-02 
       7.062933722939e-01       2.533620681026e-02 
       7.093943997207e-01       2.508873127908e-02 
       7.124954272019e-01       2.484443776072e-02 
       7.155964547367e-01       2.460348791806e-02 
       7.186974823243e-01       2.436596128006e-02 
       7.217985099642e-01       2.413182855792e-02 
       7.248995376556e-01       2.390090960551e-02 
       7.280005653980e-01       2.367299174932e-02 
       7.464455758911e-01       2.237730152354e-02 
       7.651667369904e-01       2.116206024125e-02 
       7.841776807609e-01       2.002020851378e-02 
       8.034934157474e-01       1.894588036038e-02 
       8.231301148749e-01       1.793444276013e-02 
       8.431049009566e-01       1.698096208034e-02 
       8.634356369493e-01       1.608160242871e-02 
       8.841407269858e-01       1.523278440535e-02 
       9.052389330669e-01       1.443084255016e-02 
       9.267492111720e-01       1.367246990686e-02 
       9.486905694695e-01       1.295493388421e-02 
       9.710819503027e-01       1.227551582758e-02 
       9.939421366890e-01       1.163197325068e-02 
       1.017289683224e+00       1.102220366377e-02 
       1.041142870509e+00       1.044418847269e-02 
       1.065519681575e+00       9.896148021539e-03 
       1.090437798200e+00       9.376441594440e-03 
       1.115914614608e+00       8.883537123901e-03 
       1.141967265759e+00       8.416041405593e-03 
       1.168612667242e+00       7.972546989703e-03 
       1.195867563839e+00       7.551805713142e-03 
       1.223748583886e+00       7.152623322503e-03 
       1.252272296823e+00       6.773919628185e-03 
       1.281455271632e+00       6.414650331574e-03 
       1.311314134255e+00       6.073951409716e-03 
       1.341865622465e+00       5.750806695240e-03 
       1.373126637132e+00       5.444317483912e-03 
       1.405114289159e+00       5.153670798286e-03 
       1.437845941780e+00       4.878161972915e-03 
       1.471339248146e+00       4.616873692290e-03 
       1.505612184415e+00       4.369135910028e-03 
       1.540683078698e+00       4.134387280263e-03 
       1.576570636332e+00       3.911848300796e-03 
       1.613293962009e+00       3.700965599746e-03 
       1.650872579296e+00       3.501127489034e-03 
       1.689326448072e+00       3.311800466646e-03 
       1.728675980336e+00       3.132445033628e-03 
       1.768942054827e+00       2.962492295817e-03 
       1.810146030777e+00       2.801552682823e-03 
       1.852309761107e+00       2.649122644041e-03 
       1.895455605294e+00       2.504760763684e-03 
       1.939606442072e+00       2.368084439512e-03 
       1.984785682127e+00       2.238699627303e-03 
       2.031017280857e+00       2.116178337391e-03 
       2.078325751307e+00       2.000186450518e-03 
       2.126736177300e+00       1.890411975424e-03 
       2.176274226817e+00       1.786527972688e-03 
       2.226966165660e+00       1.688192304083e-03 
       2.278838871403e+00       1.595152813136e-03 
       2.331919847661e+00       1.507122931071e-03 
       2.386237238680e+00       1.423839155572e-03 
       2.441819844264e+00       1.345058072441e-03 
       2.498697135050e+00       1.270533848697e-03 
       2.556899268129e+00       1.200045499273e-03 
       2.616457103044e+00       1.133390323819e-03 
       2.677402218149e+00       1.070348010623e-03 
       2.739766927348e+00       1.010743618451e-03 
       2.803584297238e+00       9.543803674466e-04 
       2.868888164632e+00       9.010987254742e-04 
       2.935713154505e+00       8.507323673443e-04 
       3.004094698352e+00       8.031177061304e-04 
       3.074069052971e+00       7.581133712199e-04 
       3.145673319693e+00       7.155804653426e-04 
       3.218945464046e+00       6.753863734862e-04 
       3.293924335892e+00       6.374042763139e-04 
       3.370649690021e+00       6.015173464878e-04 
       3.449162207232e+00       5.676106307375e-04 
       3.529503515900e+00       5.355737267984e-04 
       3.611716214051e+00       5.053134492450e-04 
       3.695843891945e+00       4.767314023772e-04 
       3.781931155191e+00       4.497313320042e-04 
       3.870023648395e+00       4.242325309311e-04 
       3.960168079364e+00       4.001519302629e-04 
       4.052412243867e+00       3.774110511609e-04 
       4.146805050982e+00       3.559406993848e-04 
       4.243396549024e+00       3.356662522815e-04 
       4.342237952085e+00       3.165275043680e-04 
       4.443381667184e+00       2.984581329012e-04 
       4.546881322058e+00       2.814036506660e-04 
       4.652791793594e+00       2.653023473454e-04 
       4.761169236926e+00       2.501060223847e-04 
       4.872071115209e+00       2.357641127813e-04 
       4.985556230087e+00       2.222293553050e-04 
       5.101684752870e+00       2.094567727327e-04 
       5.220518256437e+00       1.974050762927e-04 
       5.342119747886e+00       1.860330669307e-04 
       5.466553701937e+00       1.753045756486e-04 
       5.593886095118e+00       1.651818908170e-04 
       5.724184440751e+00       1.556334682093e-04 
       5.857517824743e+00       1.466263484872e-04 
       5.993956942219e+00       1.381300394637e-04 
       6.133574135006e+00       1.301166713531e-04 
       6.276443429986e+00       1.225587298504e-04 
       6.422640578351e+00       1.154311783629e-04 
       6.572243095764e+00       1.087096122541e-04 
       6.725330303461e+00       1.023722355119e-04 
       6.881983370305e+00       9.639604811964e-05 
       7.042285355826e+00       9.076153254224e-05 
       7.206321254258e+00       8.544953539098e-05 
       7.374178039606e+00       8.044162210982e-05 
       7.545944711760e+00       7.572036443772e-05 
       7.721712343682e+00       7.126980329903e-05 
       7.901574129697e+00       6.707551434400e-05 
       8.085625434906e+00       6.312215478228e-05 
       8.273963845747e+00       5.939627033508e-05 
       8.466689221737e+00       5.588460313972e-05 
       8.663903748422e+00       5.257526812867e-05 
       8.865711991556e+00       4.945719361397e-05 
       9.072220952538e+00       4.651888479587e-05 
       9.283540125155e+00       4.375033250559e-05 
       9.499781553628e+00       4.114203154212e-05 
       9.721059892026e+00       3.868467580060e-05 
       9.947492465052e+00       3.636987948569e-05 
       1.017919933025e+01       3.418904319590e-05 
       1.041630334168e+01       3.213512294020e-05 
       1.065893021501e+01       3.020055447977e-05 
       1.090720859423e+01       2.837822667908e-05 
       1.116127011982e+01       2.666211473808e-05 
       1.142124949856e+01       2.504609367549e-05 
       1.168728457497e+01       2.352425755031e-05 
       1.195951640436e+01       2.209117184710e-05 
       1.223808932764e+01       2.074185402064e-05 
       1.252315104788e+01       1.947150460616e-05 
       1.281485270857e+01       1.827553892204e-05 
       1.311334897379e+01       1.714975239727e-05 
       1.341879811021e+01       1.608973938927e-05 
       1.373136207101e+01       1.509224237717e-05 
       1.405120658174e+01       1.415332864208e-05 
       1.437850122818e+01       1.326971525135e-05 
       1.471341954630e+01       1.243818731608e-05 
       1.505613911421e+01       1.165573549741e-05 
       1.540684164638e+01       1.091952121109e-05 
       1.576571308992e+01       1.022683037696e-05 
       1.613294372322e+01       9.575213853775e-06 
       1.650872825683e+01       8.962230510417e-06 
       1.689326593668e+01       8.385728225445e-06 
       1.728676064974e+01       7.843551752662e-06 
       1.768942103212e+01       7.333721149633e-06 
       1.810146057967e+01       6.854320152979e-06 
       1.852309776122e+01       6.403652102970e-06 
       1.895455613439e+01       5.979978282762e-06 
       1.939606446411e+01       5.581802066345e-06 
       1.984785684395e+01       5.207645362076e-06 
       2.031017282021e+01       4.856003782769e-06 
       2.078325751893e+01       4.525791972669e-06 
       2.126736177589e+01       4.215566401738e-06 
       2.176274226957e+01       3.924257963692e-06 
       2.226966165726e+01       3.650737729572e-06 
       2.278838871434e+01       3.394049018748e-06 
       2.331919847675e+01       3.153166155750e-06 
       2.386237238686e+01       2.927187885026e-06 
       2.441819844267e+01       2.715231292511e-06 
       2.498697135051e+01       2.516528779951e-06 
       2.556899268129e+01       2.330297520413e-06 
       2.616457103045e+01       2.155760594914e-06 
       2.677402218149e+01       1.992388435077e-06 
       2.739766927349e+01       1.839370431554e-06 
       2.803584297238e+01       1.696295826261e-06 
       2.868888164632e+01       1.562430009838e-06 
       2.935713154505e+01       1.437327998331e-06 
       3.004094698352e+01       1.320455080097e-06 
       3.074069052971e+01       1.211359999548e-06 
       3.145673319693e+01       1.109592007302e-06 
       3.218945464046e+01       1.014731045013e-06 
       3.293924335892e+01       9.263929250151e-07 
       3.370649690021e+01       8.441771192875e-07 
       3.449162207232e+01       7.677610276682e-07 
       3.529503515900e+01       6.967974951174e-07 
       3.611716214051e+01       6.309628203549e-07 
       3.695843891945e+01       5.699896660936e-07 
       3.781931155191e+01       5.135622060022e-07 
       3.870023648395e+01       4.614745088562e-07 
       3.960168079364e+01       4.134108154586e-07 
       4.052412243867e+01       3.691762710269e-07 
       4.146805050982e+01       3.285286031531e-07 
       4.243396549024e+01       2.912526527341e-07 
       4.342237952085e+01       2.571570637289e-07 
       4.443381667184e+01       2.260398906953e-07 
       4.546881322058e+01       1.977296097145e-07 
       4.652791793594e+01       1.720365597841e-07 
       4.761169236926e+01       1.488032814315e-07 
       4.872071115209e+01       1.278845504177e-07 
       4.985556230087e+01       1.091053341297e-07 
       5.101684752870e+01       9.233215636308e-08 
       5.220518256437e+01       7.743352298015e-08 
       5.342119747886e+01       6.426502163342e-08 
       5.466553701937e+01       5.271035070891e-08 
       5.593886095118e+01       4.264713479816e-08 
       5.724184440751e+01       3.394923087282e-08 
       5.857517824743e+01       2.651148295042e-08 
       5.993956942219e+01       2.023022182788e-08 
       6.133574135006e+01       1.499874535138e-08 
       6.276443429986e+01       1.071741914126e-08 
       6.422640578351e+01       7.297171575794e-09 
       6.572243095764e+01       4.645848159973e-09 
       6.725330303461e+01       2.674921369790e-09 
       6.881983370305e+01       1.304190319169e-09 
       7.042285355826e+01       4.547887184497e-10 
       7.206321254258e+01       5.473231538554e-11 
       7.374178039606e+01       3.272279216840e-11 
       7.545944711760e+01       3.239933118622e-10 
       7.721712343682e+01       8.672829346094e-10 
       7.901574129697e+01       1.605145104282e-09 
       8.085625434906e+01       2.485565657091e-09 
       8.273963845747e+01       3.459677353806e-09 
       8.466689221737e+01       4.483496155545e-09 
       8.663903748422e+01       5.520856378104e-09 
       8.865711991556e+01       6.533665851665e-09 
       9.072220952538e+01       7.493618711785e-09 
       9.283540125155e+01       8.373703191457e-09 
       9.499781553628e+01       9.154674754463e-09 
       9.721059892026e+01       9.819822346169e-09 
       9.947492465051e+01       1.035510211074e-08 
       1.017919933025e+02       1.075525305291e-08 
       1.041630334168e+02       1.101444877611e-08 
       1.065893021501e+02       1.113098602892e-08 
       1.090720859423e+02       1.110933385940e-08 
       1.116127011982e+02       1.095690452254e-08 
       1.142124949856e+02       1.068041114032e-08 
       1.168728457497e+02       1.029182279637e-08 
       1.195951640436e+02       9.805416378281e-09 
       1.223808932764e+02       9.233761784302e-09 
       1.252315104788e+02       8.595151106245e-09 
       1.281485270857e+02       7.903204538364e-09 
       1.311334897379e+02       7.176860003287e-09 
       1.341879811021e+02       6.432273652467e-09 
       1.373136207101e+02       5.684319249065e-09 
       1.405120658174e+02       4.948868981415e-09 
       1.437850122818e+02       4.238861035317e-09 
       1.471341954630e+02       3.565833423978e-09 
       1.505613911421e+02       2.940818381574e-09 
       1.540684164638e+02       2.370877422651e-09 
       1.576571308992e+02       1.861867344520e-09 
       1.613294372322e+02       1.417835357537e-09 
       1.650872825683e+02       1.039471796181e-09 
       1.689326593668e+02       7.270506205519e-10 
       1.728676064974e+02       4.778373048156e-10 
       1.768942103212e+02       2.879863027377e-10 
       1.810146057967e+02       1.519898053010e-10 
       1.852309776122e+02       6.346372859030e-11 
       1.895455613439e+02       1.531036556932e-11 
       1.939606446411e+02       4.124614341378e-14 
       1.984785684395e+02       9.946875199756e-12 
       2.031017282021e+02       3.768881012914e-11 
