# Matter power spectrum P(k) at redshift z=99
# for k=1.00899e-05 to 203.102 h/Mpc,
# number of wavenumbers equal to 845
#    1:k (h/Mpc)              2:P (Mpc/h)^3        
       1.008985923385e-05       8.603040001763e-03 
       2.251775554930e-05       1.859282860407e-02 
       3.498636120606e-05       2.838327634286e-02 
       4.752690065129e-05       3.808721306755e-02 
       6.017107953816e-05       4.776682720359e-02 
       7.295134796828e-05       5.746747710541e-02 
       8.590117159567e-05       6.722711506817e-02 
       9.905531396721e-05       7.708011450582e-02 
       1.124501335013e-04       8.705919718186e-02 
       1.261238985365e-04       9.719657696431e-02 
       1.401171238971e-04       1.075247316727e-01 
       1.544729323969e-04       1.180769818111e-01 
       1.692374446017e-04       1.288879795000e-01 
       1.844601999509e-04       1.399941348845e-01 
       2.001946119308e-04       1.514340248818e-01 
       2.164984593225e-04       1.632487901385e-01 
       2.334344144963e-04       1.754825330529e-01 
       2.510706081659e-04       1.881827237776e-01 
       2.694812277618e-04       2.014006049070e-01 
       2.887471434300e-04       2.151916128897e-01 
       3.089565513521e-04       2.296157864063e-01 
       3.302056183397e-04       2.447381616103e-01 
       3.525991041884e-04       2.606291460376e-01 
       3.762509288441e-04       2.773648247185e-01 
       4.012846398935e-04       2.950271927885e-01 
       4.278337223492e-04       3.137042568224e-01 
       4.560416776520e-04       3.334899544375e-01 
       4.860617833901e-04       3.544838450254e-01 
       5.180564314341e-04       3.767904818618e-01 
       5.521959331310e-04       4.005184098797e-01 
       5.886566802046e-04       4.257787154955e-01 
       6.276185644258e-04       4.526830470353e-01 
       6.692615935926e-04       4.813411081714e-01 
       7.137617004578e-04       5.118576135007e-01 
       7.612858262925e-04       5.443287762410e-01 
       8.119864673565e-04       5.788384797049e-01 
       8.659959883789e-04       6.154543747749e-01 
       9.234211117495e-04       6.542241554192e-01 
       9.843380585498e-04       6.951723900624e-01 
       1.048788822721e-03       7.382981911270e-01 
       1.116778987109e-03       7.835740469269e-01 
       1.188277341859e-03       8.309459175033e-01 
       1.263217364320e-03       8.803348520568e-01 
       1.341500404014e-03       9.316479576466e-01 
       1.423000230117e-03       9.847583665947e-01 
       1.507568477514e-03       1.039530589966e+00 
       1.595040487398e-03       1.095818450294e+00 
       1.685241075052e-03       1.153469276450e+00 
       1.777989849946e-03       1.212327687412e+00 
       1.873105833493e-03       1.272238869715e+00 
       1.970411241375e-03       1.333051273048e+00 
       2.069734401352e-03       1.394618575634e+00 
       2.170911854437e-03       1.456801210444e+00 
       2.273789735608e-03       1.519467346622e+00 
       2.378224553543e-03       1.582493300385e+00 
       2.484083493407e-03       1.645763899691e+00 
       2.591244358870e-03       1.709172168291e+00 
       2.699595254824e-03       1.772619600151e+00 
       2.809034094888e-03       1.836015237789e+00 
       2.919468000394e-03       1.899275735773e+00 
       3.030812641761e-03       1.962324537571e+00 
       3.142991559685e-03       2.025091983038e+00 
       3.255935492585e-03       2.087513925605e+00 
       3.369581728141e-03       2.149532233617e+00 
       3.483873490193e-03       2.211093738946e+00 
       3.598759367421e-03       2.272150687628e+00 
       3.714192786759e-03       2.332658709923e+00 
       3.830131532053e-03       2.392578582647e+00 
       3.946537306880e-03       2.451873962113e+00 
       4.063375339396e-03       2.510513219797e+00 
       4.180614026477e-03       2.568466508863e+00 
       4.298224614140e-03       2.625708681306e+00 
       4.416180911106e-03       2.682216277801e+00 
       4.534459032436e-03       2.737968350353e+00 
       4.653037170281e-03       2.792947317362e+00 
       4.771895388998e-03       2.847136807499e+00 
       4.891015442065e-03       2.900523996843e+00 
       5.010380608463e-03       2.953096773689e+00 
       5.129975546421e-03       3.004844479625e+00 
       5.249786162607e-03       3.055760177575e+00 
       5.369799495068e-03       3.105836495625e+00 
       5.490003608392e-03       3.155069625245e+00 
       5.610387499743e-03       3.203455249761e+00 
       5.730941014549e-03       3.250990642954e+00 
       5.851654770797e-03       3.297675101994e+00 
       5.972520090970e-03       3.343509313465e+00 
       6.093528940795e-03       3.388493528234e+00 
       6.214673874059e-03       3.432629925909e+00 
       6.335947982840e-03       3.475921858585e+00 
       6.457344852562e-03       3.518371747335e+00 
       6.578858521367e-03       3.559985766556e+00 
       6.700483443346e-03       3.600768479600e+00 
       6.822214455222e-03       3.640724350448e+00 
       6.944046746129e-03       3.679860781438e+00 
       7.065975830168e-03       3.718184809785e+00 
       7.187997521452e-03       3.755701548906e+00 
       7.310107911398e-03       3.792421471506e+00 
       7.432303348035e-03       3.828351713396e+00 
       7.554580417124e-03       3.863500143262e+00 
       7.676935924931e-03       3.897873384116e+00 
       7.799366882465e-03       3.931482069202e+00 
       7.921870491067e-03       3.964334976639e+00 
       8.044444129208e-03       3.996440620469e+00 
       8.167085340379e-03       4.027808413337e+00 
       8.289791821990e-03       4.058446423364e+00 
       8.412561415158e-03       4.088365487747e+00 
       8.535392095331e-03       4.117573969798e+00 
       8.658281963652e-03       4.146080870065e+00 
       8.781229239010e-03       4.173894675273e+00 
       8.904232250708e-03       4.201027222898e+00 
       9.027289431704e-03       4.227485153922e+00 
       9.150399312368e-03       4.253277685430e+00 
       9.273560514714e-03       4.278414603208e+00 
       9.396771747065e-03       4.302904274242e+00 
       9.520031799123e-03       4.326754975198e+00 
       9.643339537395e-03       4.349976603074e+00 
       9.766693900965e-03       4.372575278492e+00 
       9.890093897566e-03       4.394561810266e+00 
       1.001353859994e-02       4.415944287585e+00 
       1.013702714247e-02       4.436728440167e+00 
       1.026055871802e-02       4.456923664387e+00 
       1.038413257505e-02       4.476537255080e+00 
       1.050774801489e-02       4.495580067949e+00 
       1.063140438921e-02       4.514052761188e+00 
       1.075510109773e-02       4.531970567711e+00 
       1.087883758598e-02       4.549335645719e+00 
       1.100261334330e-02       4.566154703827e+00 
       1.112642790095e-02       4.582436456051e+00 
       1.125028083038e-02       4.598188198529e+00 
       1.137417174154e-02       4.613415392624e+00 
       1.149810028141e-02       4.628126398231e+00 
       1.162206613256e-02       4.642324356919e+00 
       1.174606901183e-02       4.656018783850e+00 
       1.187010866910e-02       4.669214694535e+00 
       1.199418488617e-02       4.681918823753e+00 
       1.211829747567e-02       4.694135630409e+00 
       1.224244628010e-02       4.705873404647e+00 
       1.236663117090e-02       4.717136433414e+00 
       1.249085204757e-02       4.727931091573e+00 
       1.261510883696e-02       4.738262545649e+00 
       1.273940149246e-02       4.748135632506e+00 
       1.286372999336e-02       4.757559686894e+00 
       1.298809434421e-02       4.766536626169e+00 
       1.311249457428e-02       4.775072076749e+00 
       1.323693073698e-02       4.783172156711e+00 
       1.336140290942e-02       4.790843073021e+00 
       1.348591119193e-02       4.798090576180e+00 
       1.361045570765e-02       4.804919643186e+00 
       1.373503660222e-02       4.811331901740e+00 
       1.385965404336e-02       4.817337458347e+00 
       1.398430822064e-02       4.822938948911e+00 
       1.410899934517e-02       4.828142887122e+00 
       1.423372764937e-02       4.832951436645e+00 
       1.435849338678e-02       4.837374063186e+00 
       1.448329683185e-02       4.841412129741e+00 
       1.460813827981e-02       4.845072529539e+00 
       1.473301804651e-02       4.848359527517e+00 
       1.485793646835e-02       4.851278364776e+00 
       1.498289390217e-02       4.853831554462e+00 
       1.510789072521e-02       4.856029666316e+00 
       1.523292733507e-02       4.857872099675e+00 
       1.535800414968e-02       4.859365249027e+00 
       1.548312160735e-02       4.860516639701e+00 
       1.560828016672e-02       4.861329354766e+00 
       1.573348030688e-02       4.861803110513e+00 
       1.585872252741e-02       4.861948085334e+00 
       1.598400734844e-02       4.861769283635e+00 
       1.610933531079e-02       4.861267360375e+00 
       1.623470697605e-02       4.860452737689e+00 
       1.636012292677e-02       4.859327109125e+00 
       1.648558376655e-02       4.857891801031e+00 
       1.661109012028e-02       4.856155516793e+00 
       1.673664263428e-02       4.854120004849e+00 
       1.686224197652e-02       4.851793323005e+00 
       1.698788883685e-02       4.849177790365e+00 
       1.711358392725e-02       4.846273901123e+00 
       1.723932798205e-02       4.843092837886e+00 
       1.736512175823e-02       4.839632010367e+00 
       1.749096603570e-02       4.835903166386e+00 
       1.761686161762e-02       4.831903886023e+00 
       1.774280933070e-02       4.827646130693e+00 
       1.786881002554e-02       4.823121833163e+00 
       1.799486457700e-02       4.818348009876e+00 
       1.812097388457e-02       4.813318866276e+00 
       1.824713887274e-02       4.808045406888e+00 
       1.837336049141e-02       4.802528183922e+00 
       1.849963971633e-02       4.796773021085e+00 
       1.862597754953e-02       4.790778068592e+00 
       1.875237501977e-02       4.784554238950e+00 
       1.887883318301e-02       4.778101715398e+00 
       1.900535312294e-02       4.771429204597e+00 
       1.913193595143e-02       4.764532879130e+00 
       1.925858280911e-02       4.757422666466e+00 
       1.938529486592e-02       4.750095700942e+00 
       1.951207332163e-02       4.742563112205e+00 
       1.963891940648e-02       4.734822204863e+00 
       1.976583438176e-02       4.726888266651e+00 
       1.989281954046e-02       4.718744717989e+00 
       2.001987620788e-02       4.710410803906e+00 
       2.014700574237e-02       4.701886822818e+00 
       2.027420953594e-02       4.693175719511e+00 
       2.040148901504e-02       4.684279293060e+00 
       2.052884564128e-02       4.675201323023e+00 
       2.065628091220e-02       4.665947861942e+00 
       2.078379636203e-02       4.656521630645e+00 
       2.091139356253e-02       4.646915221277e+00 
       2.103907412384e-02       4.637155160431e+00 
       2.116683969530e-02       4.627224112863e+00 
       2.129469196640e-02       4.617126152447e+00 
       2.142263266765e-02       4.606870058430e+00 
       2.155066357157e-02       4.596470801881e+00 
       2.167878649364e-02       4.585921698791e+00 
       2.180700329333e-02       4.575209115086e+00 
       2.193531587513e-02       4.564360636127e+00 
       2.206372618964e-02       4.553365177922e+00 
       2.219223623466e-02       4.542232873427e+00 
       2.232084805636e-02       4.530969310752e+00 
       2.244956375042e-02       4.519563424626e+00 
       2.257838546331e-02       4.508031761675e+00 
       2.270731539347e-02       4.496376454367e+00 
       2.283635579267e-02       4.484592308596e+00 
       2.296550896730e-02       4.472676744097e+00 
       2.309477727980e-02       4.460662393567e+00 
       2.322416315002e-02       4.448522836771e+00 
       2.335366905675e-02       4.436270734148e+00 
       2.348329753921e-02       4.423903832045e+00 
       2.361305119861e-02       4.411430924434e+00 
       2.374293269977e-02       4.398861491325e+00 
       2.387294477280e-02       4.386177754816e+00 
       2.400309021484e-02       4.373394143833e+00 
       2.413337189178e-02       4.360528045635e+00 
       2.426379274017e-02       4.347555407363e+00 
       2.439435576908e-02       4.334485441284e+00 
       2.452506406208e-02       4.321335703185e+00 
       2.465592077927e-02       4.308093417890e+00 
       2.478692915937e-02       4.294776864177e+00 
       2.491809252189e-02       4.281364514191e+00 
       2.504941426942e-02       4.267878300325e+00 
       2.518089788986e-02       4.254313297132e+00 
       2.531254695892e-02       4.240675557599e+00 
       2.544436514254e-02       4.226965433927e+00 
       2.557635619949e-02       4.213190208282e+00 
       2.570852398403e-02       4.199332407538e+00 
       2.584087244865e-02       4.185424138785e+00 
       2.597340564696e-02       4.171429678860e+00 
       2.610612773662e-02       4.157392687425e+00 
       2.623904298241e-02       4.143291252402e+00 
       2.637215575941e-02       4.129128726269e+00 
       2.650547055630e-02       4.114919168319e+00 
       2.663899197875e-02       4.100641692597e+00 
       2.677272475300e-02       4.086326889892e+00 
       2.690667372948e-02       4.071958968080e+00 
       2.704084388668e-02       4.057535812361e+00 
       2.717524033506e-02       4.043072206083e+00 
       2.730986832117e-02       4.028574140416e+00 
       2.744473323193e-02       4.014014746742e+00 
       2.757984059904e-02       3.999434459671e+00 
       2.771519610360e-02       3.984802296793e+00 
       2.785080558089e-02       3.970144397886e+00 
       2.798667502534e-02       3.955438406190e+00 
       2.812281059571e-02       3.940709586789e+00 
       2.825921862046e-02       3.925940918117e+00 
       2.839590560337e-02       3.911152968440e+00 
       2.853287822937e-02       3.896333012294e+00 
       2.867014337060e-02       3.881485623257e+00 
       2.880770809274e-02       3.866605104436e+00 
       2.894557966159e-02       3.851704746752e+00 
       2.908376554997e-02       3.836794118103e+00 
       2.922227344485e-02       3.821852564177e+00 
       2.936111125486e-02       3.806892572381e+00 
       2.950028711803e-02       3.791917935417e+00 
       2.963980940998e-02       3.776919144405e+00 
       2.977968675242e-02       3.761905295579e+00 
       2.991992802197e-02       3.746881792318e+00 
       3.006054235952e-02       3.731848988065e+00 
       3.020153917986e-02       3.716798128513e+00 
       3.034292818185e-02       3.701743089041e+00 
       3.048471935906e-02       3.686674563652e+00 
       3.062692301082e-02       3.671599508212e+00 
       3.076954975391e-02       3.656519244283e+00 
       3.091261053472e-02       3.641434344183e+00 
       3.105611664203e-02       3.626341626935e+00 
       3.120007972039e-02       3.611234709261e+00 
       3.134451178417e-02       3.596135194702e+00 
       3.148942523232e-02       3.581038633795e+00 
       3.163483286384e-02       3.565940309181e+00 
       3.178074789403e-02       3.550845394159e+00 
       3.192718397158e-02       3.535737146113e+00 
       3.207415519655e-02       3.520641441288e+00 
       3.222167613928e-02       3.505548874695e+00 
       3.236976186026e-02       3.490451120963e+00 
       3.251842793110e-02       3.475383136323e+00 
       3.266769045662e-02       3.460275534555e+00 
       3.281756609808e-02       3.445217621692e+00 
       3.296807209781e-02       3.430142838781e+00 
       3.311922630503e-02       3.415067941620e+00 
       3.327104720329e-02       3.400029414285e+00 
       3.342355393934e-02       3.384976894305e+00 
       3.357676635374e-02       3.369921940579e+00 
       3.373070501315e-02       3.354903464153e+00 
       3.388539124463e-02       3.339883628894e+00 
       3.404084717188e-02       3.324872061350e+00 
       3.419709575366e-02       3.309868503614e+00 
       3.435416082463e-02       3.294880550198e+00 
       3.451206713858e-02       3.279913287781e+00 
       3.467084041444e-02       3.264929201609e+00 
       3.483050738512e-02       3.249974271252e+00 
       3.499109584951e-02       3.235022019112e+00 
       3.515263472782e-02       3.220106514834e+00 
       3.531515412053e-02       3.205179773866e+00 
       3.547868537122e-02       3.190269772759e+00 
       3.564326113364e-02       3.175376967137e+00 
       3.580891544335e-02       3.160491907592e+00 
       3.597568379423e-02       3.145610806294e+00 
       3.614360322038e-02       3.130759803281e+00 
       3.631271238380e-02       3.115903232041e+00 
       3.648305166828e-02       3.101059167180e+00 
       3.665466328025e-02       3.086243209350e+00 
       3.682759135694e-02       3.071429311468e+00 
       3.700188208264e-02       3.056627014553e+00 
       3.717758381384e-02       3.041835014340e+00 
       3.735474721393e-02       3.027047158623e+00 
       3.753342539844e-02       3.012271549233e+00 
       3.771367409180e-02       2.997503001205e+00 
       3.789555179669e-02       2.982754492781e+00 
       3.807911997726e-02       2.968000063948e+00 
       3.826444325751e-02       2.953265400125e+00 
       3.845158963647e-02       2.938531879876e+00 
       3.864063072175e-02       2.923804807682e+00 
       3.883164198345e-02       2.909081565032e+00 
       3.902470303062e-02       2.894358454976e+00 
       3.921989791253e-02       2.879637577143e+00 
       3.941731544758e-02       2.864921580172e+00 
       3.961704958289e-02       2.850203985991e+00 
       3.981919978798e-02       2.835489549088e+00 
       4.002387148648e-02       2.820772284676e+00 
       4.023117653032e-02       2.806051014117e+00 
       4.044123372141e-02       2.791320699716e+00 
       4.065416938658e-02       2.776586162492e+00 
       4.087011801240e-02       2.761846808033e+00 
       4.108922294733e-02       2.747092506174e+00 
       4.131163717982e-02       2.732318562712e+00 
       4.153752420241e-02       2.717537302369e+00 
       4.176705897322e-02       2.702743549660e+00 
       4.200042898802e-02       2.687923190536e+00 
       4.223783547839e-02       2.673085702344e+00 
       4.247949475379e-02       2.658220736113e+00 
       4.272563970839e-02       2.643326620237e+00 
       4.297652151713e-02       2.628403428899e+00 
       4.323241154967e-02       2.613440598969e+00 
       4.349360353592e-02       2.598442309190e+00 
       4.376041602319e-02       2.583397719371e+00 
       4.403319517213e-02       2.568309737124e+00 
       4.431231794788e-02       2.553170963710e+00 
       4.459819577357e-02       2.537971229959e+00 
       4.489127872701e-02       2.522711991755e+00 
       4.519206037738e-02       2.507376809255e+00 
       4.550108337953e-02       2.491976193337e+00 
       4.581894596815e-02       2.476496859820e+00 
       4.614630952536e-02       2.460910619901e+00 
       4.648390743429e-02       2.445225510544e+00 
       4.683255547970e-02       2.429443955592e+00 
       4.719316411816e-02       2.413531432566e+00 
       4.756675301773e-02       2.397494944007e+00 
       4.795446836503e-02       2.381327975594e+00 
       4.835760356241e-02       2.365004821745e+00 
       4.877762409663e-02       2.348491450259e+00 
       4.921619756285e-02       2.331776389806e+00 
       4.967523008562e-02       2.314826635675e+00 
       5.015691070604e-02       2.297631360411e+00 
       5.066376571717e-02       2.280151866902e+00 
       5.119872544391e-02       2.262348600811e+00 
       5.176520658853e-02       2.244187060170e+00 
       5.236721399178e-02       2.225600529790e+00 
       5.300946644312e-02       2.206516470892e+00 
       5.369755187007e-02       2.186848367364e+00 
       5.443811751592e-02       2.166491923823e+00 
       5.523909986870e-02       2.145302470853e+00 
       5.610999570581e-02       2.123090321619e+00 
       5.706216694303e-02       2.099603084193e+00 
       5.810915312358e-02       2.074523945646e+00 
       5.926692834861e-02       2.047393114605e+00 
       6.055397337690e-02       2.017615460170e+00 
       6.199093019779e-02       1.984377828187e+00 
       6.359947941573e-02       1.946630445496e+00 
       6.540001143586e-02       1.903080419427e+00 
       6.740785584535e-02       1.852272169827e+00 
       6.962856954584e-02       1.792852328641e+00 
       7.205402576627e-02       1.723980096918e+00 
       7.466181558845e-02       1.645835415679e+00 
       7.741925945704e-02       1.559922843682e+00 
       8.029037151845e-02       1.469004523444e+00 
       8.324228136121e-02       1.376626798787e+00 
       8.624873568324e-02       1.286496010994e+00 
       8.929066763551e-02       1.201910654768e+00 
       9.235510012400e-02       1.125376108928e+00 
       9.543357075755e-02       1.058441643587e+00 
       9.852071039889e-02       1.001699513355e+00 
       1.016131705669e-01       9.548914015759e-01 
       1.047088850236e-01       9.170612292199e-01 
       1.078065869652e-01       8.867599036904e-01 
       1.109055026927e-01       8.622046265211e-01 
       1.140051606950e-01       8.414648915537e-01 
       1.171052739291e-01       8.226307658307e-01 
       1.202056676986e-01       8.039824314858e-01 
       1.233062356398e-01       7.841210505565e-01 
       1.264069129232e-01       7.620954549376e-01 
       1.295076599588e-01       7.374484296913e-01 
       1.326084524970e-01       7.102210434553e-01 
       1.357092756157e-01       6.808712133272e-01 
       1.388101200703e-01       6.501802801349e-01 
       1.419109800763e-01       6.191047742859e-01 
       1.450118519627e-01       5.886434490502e-01 
       1.481127333536e-01       5.597111208789e-01 
       1.512136226708e-01       5.330633461233e-01 
       1.543145188302e-01       5.092183820213e-01 
       1.574154210577e-01       4.884333038307e-01 
       1.605163287752e-01       4.707414598972e-01 
       1.636172415321e-01       4.559455349425e-01 
       1.667181589622e-01       4.436788383745e-01 
       1.698190807569e-01       4.334214574938e-01 
       1.729200066488e-01       4.246192824990e-01 
       1.760209364009e-01       4.166939876883e-01 
       1.791218697997e-01       4.091651015517e-01 
       1.822228066506e-01       4.014317907266e-01 
       1.853237467746e-01       3.931025247640e-01 
       1.884246900064e-01       3.839287471401e-01 
       1.915256361923e-01       3.738282794686e-01 
       1.946265851889e-01       3.628726525333e-01 
       1.977275368625e-01       3.512609543060e-01 
       2.008284910877e-01       3.392769365530e-01 
       2.039294477471e-01       3.272443498488e-01 
       2.070304067303e-01       3.154702154911e-01 
       2.101313679336e-01       3.042235425781e-01 
       2.132323312595e-01       2.937208201494e-01 
       2.163332966159e-01       2.841100671860e-01 
       2.194342639162e-01       2.754759095490e-01 
       2.225352330786e-01       2.678402754851e-01 
       2.256362040257e-01       2.611453524801e-01 
       2.287371766844e-01       2.552985508254e-01 
       2.318381509857e-01       2.501438641600e-01 
       2.349391268640e-01       2.455006938410e-01 
       2.380401042573e-01       2.411719610167e-01 
       2.411410831068e-01       2.369763830739e-01 
       2.442420633567e-01       2.327611943081e-01 
       2.473430449540e-01       2.284064970239e-01 
       2.504440278483e-01       2.238398496170e-01 
       2.535450119918e-01       2.190291270754e-01 
       2.566459973389e-01       2.139826274511e-01 
       2.597469838462e-01       2.087397928147e-01 
       2.628479714724e-01       2.033727807135e-01 
       2.659489601782e-01       1.979720143037e-01 
       2.690499499260e-01       1.926383327446e-01 
       2.721509406800e-01       1.874696108978e-01 
       2.752519324060e-01       1.825514492166e-01 
       2.783529250714e-01       1.779447472875e-01 
       2.814539186449e-01       1.736827819500e-01 
       2.845549130966e-01       1.697744709083e-01 
       2.876559083981e-01       1.662015087706e-01 
       2.907569045219e-01       1.629308545916e-01 
       2.938579014420e-01       1.599126507282e-01 
       2.969588991332e-01       1.570965240432e-01 
       3.000598975715e-01       1.544251154194e-01 
       3.031608967339e-01       1.518427216524e-01 
       3.062618965982e-01       1.492973339625e-01 
       3.093628971433e-01       1.467436596597e-01 
       3.124638983487e-01       1.441513070666e-01 
       3.155649001950e-01       1.415027679450e-01 
       3.186659026633e-01       1.387994274023e-01 
       3.217669057355e-01       1.360523235244e-01 
       3.248679093943e-01       1.332844803789e-01 
       3.279689136230e-01       1.305229580380e-01 
       3.310699184054e-01       1.277953462127e-01 
       3.341709237261e-01       1.251281540267e-01 
       3.372719295702e-01       1.225450404367e-01 
       3.403729359232e-01       1.200659779614e-01 
       3.434739427715e-01       1.177055661268e-01 
       3.465749501015e-01       1.154724335818e-01 
       3.496759579004e-01       1.133674410502e-01 
       3.527769661558e-01       1.113838468702e-01 
       3.558779748558e-01       1.095073543217e-01 
       3.589789839887e-01       1.077196651157e-01 
       3.620799935433e-01       1.059996705690e-01 
       3.651810035090e-01       1.043286605583e-01 
       3.682820138752e-01       1.026900834038e-01 
       3.713830246319e-01       1.010713859734e-01 
       3.744840357693e-01       9.946347269779e-02 
       3.775850472781e-01       9.786024819314e-02 
       3.806860591491e-01       9.625867996258e-02 
       3.837870713735e-01       9.465843954958e-02 
       3.868880839427e-01       9.306272020646e-02 
       3.899890968486e-01       9.147733271919e-02 
       3.930901100830e-01       8.991083640756e-02 
       3.961911236384e-01       8.837225093089e-02 
       3.992921375071e-01       8.686991977621e-02 
       4.023931516818e-01       8.541025461738e-02 
       4.054941661557e-01       8.399697554663e-02 
       4.085951809217e-01       8.263161079950e-02 
       4.116961959733e-01       8.131386366323e-02 
       4.147972113040e-01       8.004251923739e-02 
       4.178982269077e-01       7.881580696853e-02 
       4.209992427782e-01       7.763118808043e-02 
       4.241002589097e-01       7.648460216434e-02 
       4.272012752965e-01       7.537126718430e-02 
       4.303022919330e-01       7.428507944539e-02 
       4.334033088139e-01       7.322006836737e-02 
       4.365043259339e-01       7.217112820766e-02 
       4.396053432879e-01       7.113463102611e-02 
       4.427063608711e-01       7.010882033772e-02 
       4.458073786786e-01       6.909306938533e-02 
       4.489083967058e-01       6.808796944981e-02 
       4.520094149481e-01       6.709419263432e-02 
       4.551104334010e-01       6.611286034423e-02 
       4.582114520605e-01       6.514511145807e-02 
       4.613124709221e-01       6.419272470798e-02 
       4.644134899819e-01       6.325804371524e-02 
       4.675145092360e-01       6.234375796739e-02 
       4.706155286804e-01       6.145219292201e-02 
       4.737165483114e-01       6.058485298493e-02 
       4.768175681254e-01       5.974189611619e-02 
       4.799185881188e-01       5.892227706963e-02 
       4.830196082881e-01       5.812423791475e-02 
       4.861206286300e-01       5.734563776893e-02 
       4.892216491411e-01       5.658456009242e-02 
       4.923226698183e-01       5.583939574289e-02 
       4.954236906585e-01       5.510879244776e-02 
       4.985247116585e-01       5.439121100527e-02 
       5.016257328155e-01       5.368520825807e-02 
       5.047267541264e-01       5.298911480997e-02 
       5.078277755885e-01       5.230187718317e-02 
       5.109287971991e-01       5.162275733098e-02 
       5.140298189553e-01       5.095196295948e-02 
       5.171308408547e-01       5.029040971937e-02 
       5.202318628946e-01       4.963922475116e-02 
       5.233328850725e-01       4.899914094206e-02 
       5.264339073859e-01       4.837075565865e-02 
       5.295349298326e-01       4.775409523524e-02 
       5.326359524101e-01       4.714900263292e-02 
       5.357369751162e-01       4.655545147735e-02 
       5.388379979486e-01       4.597326438274e-02 
       5.419390209052e-01       4.540284646457e-02 
       5.450400439839e-01       4.484417398396e-02 
       5.481410671825e-01       4.429707877240e-02 
       5.512420904991e-01       4.376097380384e-02 
       5.543431139316e-01       4.323487620938e-02 
       5.574441374781e-01       4.271779429676e-02 
       5.605451611368e-01       4.220903328333e-02 
       5.636461849057e-01       4.170805727825e-02 
       5.667472087831e-01       4.121491470937e-02 
       5.698482327671e-01       4.072936902818e-02 
       5.729492568561e-01       4.025140142791e-02 
       5.760502810483e-01       3.978066746694e-02 
       5.791513053420e-01       3.931673033604e-02 
       5.822523297358e-01       3.885922456020e-02 
       5.853533542278e-01       3.840804797919e-02 
       5.884543788167e-01       3.796336281871e-02 
       5.915554035008e-01       3.752562284248e-02 
       5.946564282787e-01       3.709521449096e-02 
       5.977574531490e-01       3.667231496930e-02 
       6.008584781101e-01       3.625682555144e-02 
       6.039595031606e-01       3.584838277530e-02 
       6.070605282993e-01       3.544665081753e-02 
       6.101615535247e-01       3.505137196587e-02 
       6.132625788356e-01       3.466242165980e-02 
       6.163636042306e-01       3.427989096255e-02 
       6.194646297084e-01       3.390375947959e-02 
       6.225656552679e-01       3.353385312154e-02 
       6.256666809078e-01       3.316984139784e-02 
       6.287677066270e-01       3.281120992650e-02 
       6.318687324242e-01       3.245755463411e-02 
       6.349697582983e-01       3.210863557030e-02 
       6.380707842481e-01       3.176446249677e-02 
       6.411718102727e-01       3.142520091031e-02 
       6.442728363709e-01       3.109095746180e-02 
       6.473738625416e-01       3.076176989091e-02 
       6.504748887838e-01       3.043745971193e-02 
       6.535759150964e-01       3.011778404991e-02 
       6.566769414786e-01       2.980253237998e-02 
       6.597779679293e-01       2.949158704506e-02 
       6.628789944474e-01       2.918503324491e-02 
       6.659800210322e-01       2.888306906648e-02 
       6.690810476827e-01       2.858576633514e-02 
       6.721820743978e-01       2.829317578472e-02 
       6.752831011769e-01       2.800506916268e-02 
       6.783841280189e-01       2.772112077591e-02 
       6.814851549230e-01       2.744108596880e-02 
       6.845861818884e-01       2.716482726544e-02 
       6.876872089143e-01       2.689236024234e-02 
       6.907882359997e-01       2.662375143341e-02 
       6.938892631440e-01       2.635902998901e-02 
       6.969902903463e-01       2.609818825716e-02 
       7.000913176059e-01       2.584106333508e-02 
       7.031923449220e-01       2.558725215166e-02 
       7.062933722939e-01       2.533654564645e-02 
       7.093943997207e-01       2.508907034953e-02 
       7.124954272019e-01       2.484477429056e-02 
       7.155964547367e-01       2.460382382293e-02 
       7.186974823243e-01       2.436629482653e-02 
       7.217985099642e-01       2.413215878124e-02 
       7.248995376556e-01       2.390123771969e-02 
       7.280005653980e-01       2.367332040466e-02 
       7.464455758911e-01       2.237762308873e-02 
       7.651667369904e-01       2.116237498621e-02 
       7.841776807609e-01       2.002051191990e-02 
       8.034934157474e-01       1.894618515331e-02 
       8.231301148749e-01       1.793473883741e-02 
       8.431049009566e-01       1.698126454343e-02 
       8.634356369493e-01       1.608189254054e-02 
       8.841407269858e-01       1.523307765784e-02 
       9.052389330669e-01       1.443112636388e-02 
       9.267492111720e-01       1.367275326846e-02 
       9.486905694695e-01       1.295521166004e-02 
       9.710819503027e-01       1.227579196307e-02 
       9.939421366890e-01       1.163224851832e-02 
       1.017289683224e+00       1.102247850699e-02 
       1.041142870509e+00       1.044446046112e-02 
       1.065519681575e+00       9.896419987391e-03 
       1.090437798200e+00       9.376712335873e-03 
       1.115914614608e+00       8.883806712711e-03 
       1.141967265759e+00       8.416311063399e-03 
       1.168612667242e+00       7.972817336958e-03 
       1.195867563839e+00       7.552087300405e-03 
       1.223748583886e+00       7.152954621895e-03 
       1.252272296823e+00       6.774183070427e-03 
       1.281455271632e+00       6.414928498598e-03 
       1.311314134255e+00       6.074209013804e-03 
       1.341865622465e+00       5.751077342551e-03 
       1.373126637132e+00       5.444574157452e-03 
       1.405114289159e+00       5.153941994496e-03 
       1.437845941780e+00       4.878437570411e-03 
       1.471339248146e+00       4.617132446713e-03 
       1.505612184415e+00       4.369419783078e-03 
       1.540683078698e+00       4.134691834179e-03 
       1.576570636332e+00       3.912116285902e-03 
       1.613293962009e+00       3.701269489533e-03 
       1.650872579296e+00       3.501416954067e-03 
       1.689326448072e+00       3.312110346755e-03 
       1.728675980336e+00       3.132721432260e-03 
       1.768942054827e+00       2.962791132788e-03 
       1.810146030777e+00       2.801864707792e-03 
       1.852309761107e+00       2.649427049213e-03 
       1.895455605294e+00       2.505068993653e-03 
       1.939606442072e+00       2.368392133810e-03 
       1.984785682127e+00       2.238986385557e-03 
       2.031017280857e+00       2.116472361582e-03 
       2.078325751307e+00       2.000494923193e-03 
       2.126736177300e+00       1.890716256925e-03 
       2.176274226817e+00       1.786831356879e-03 
       2.226966165660e+00       1.688504109000e-03 
       2.278838871403e+00       1.595473433449e-03 
       2.331919847661e+00       1.507444738480e-03 
       2.386237238680e+00       1.424165384322e-03 
       2.441819844264e+00       1.345387370426e-03 
       2.498697135050e+00       1.270869654595e-03 
       2.556899268129e+00       1.200382780227e-03 
       2.616457103044e+00       1.133731512966e-03 
       2.677402218149e+00       1.070686084487e-03 
       2.739766927348e+00       1.011092975404e-03 
       2.803584297238e+00       9.547298441050e-04 
       2.868888164632e+00       9.014588873233e-04 
       2.935713154505e+00       8.510858815773e-04 
       3.004094698352e+00       8.034755276185e-04 
       3.074069052971e+00       7.584759105613e-04 
       3.145673319693e+00       7.159508591000e-04 
       3.218945464046e+00       6.757560368752e-04 
       3.293924335892e+00       6.377726922611e-04 
       3.370649690021e+00       6.018934349615e-04 
       3.449162207232e+00       5.679883943762e-04 
       3.529503515900e+00       5.359582917334e-04 
       3.611716214051e+00       5.056999496816e-04 
       3.695843891945e+00       4.771186739640e-04 
       3.781931155191e+00       4.501223302860e-04 
       3.870023648395e+00       4.246282479316e-04 
       3.960168079364e+00       4.005487038709e-04 
       4.052412243867e+00       3.778134394244e-04 
       4.146805050982e+00       3.563440713312e-04 
       4.243396549024e+00       3.360755133362e-04 
       4.342237952085e+00       3.169377932449e-04 
       4.443381667184e+00       2.988713645036e-04 
       4.546881322058e+00       2.818213028771e-04 
       4.652791793594e+00       2.657242356888e-04 
       4.761169236926e+00       2.505301610579e-04 
       4.872071115209e+00       2.361912808410e-04 
       4.985556230087e+00       2.226600079238e-04 
       5.101684752870e+00       2.098894147128e-04 
       5.220518256437e+00       1.978400938351e-04 
       5.342119747886e+00       1.864725747929e-04 
       5.466553701937e+00       1.757453410999e-04 
       5.593886095118e+00       1.656259136255e-04 
       5.724184440751e+00       1.560799014912e-04 
       5.857517824743e+00       1.470766193355e-04 
       5.993956942219e+00       1.385825293292e-04 
       6.133574135006e+00       1.305719313745e-04 
       6.276443429986e+00       1.230175334921e-04 
       6.422640578351e+00       1.158929877174e-04 
       6.572243095764e+00       1.091752432105e-04 
       6.725330303461e+00       1.028394675510e-04 
       6.881983370305e+00       9.686666749289e-05 
       7.042285355826e+00       9.123420086231e-05 
       7.206321254258e+00       8.592538042086e-05 
       7.374178039606e+00       8.091957338917e-05 
       7.545944711760e+00       7.620150023106e-05 
       7.721712343682e+00       7.175348360120e-05 
       7.901574129697e+00       6.756111730923e-05 
       8.085625434906e+00       6.360991648166e-05 
       8.273963845747e+00       5.988670719783e-05 
       8.466689221737e+00       5.637723845213e-05 
       8.663903748422e+00       5.307010660356e-05 
       8.865711991556e+00       4.995462538272e-05 
       9.072220952538e+00       4.701812757333e-05 
       9.283540125155e+00       4.425180663096e-05 
       9.499781553628e+00       4.164535898899e-05 
       9.721059892026e+00       3.919015586361e-05 
       9.947492465052e+00       3.687696484057e-05 
       1.017919933025e+01       3.469842064043e-05 
       1.041630334168e+01       3.264581870628e-05 
       1.065893021501e+01       3.071281194695e-05 
       1.090720859423e+01       2.889196024658e-05 
       1.116127011982e+01       2.717713527054e-05 
       1.142124949856e+01       2.556247508021e-05 
       1.168728457497e+01       2.404177475946e-05 
       1.195951640436e+01       2.261007186178e-05 
       1.223808932764e+01       2.126168155077e-05 
       1.252315104788e+01       1.999224803775e-05 
       1.281485270857e+01       1.879698424519e-05 
       1.311334897379e+01       1.767170446339e-05 
       1.341879811021e+01       1.661247840437e-05 
       1.373136207101e+01       1.561554195997e-05 
       1.405120658174e+01       1.467688698386e-05 
       1.437850122818e+01       1.379348250090e-05 
       1.471341954630e+01       1.296184690270e-05 
       1.505613911421e+01       1.217929646939e-05 
       1.540684164638e+01       1.144281945453e-05 
       1.576571308992e+01       1.074978946994e-05 
       1.613294372322e+01       1.009761801089e-05 
       1.650872825683e+01       9.484069073536e-06 
       1.689326593668e+01       8.906628072938e-06 
       1.728676064974e+01       8.363374271007e-06 
       1.768942103212e+01       7.852341815533e-06 
       1.810146057967e+01       7.371551681904e-06 
       1.852309776122e+01       6.919358629257e-06 
       1.895455613439e+01       6.493816551027e-06 
       1.939606446411e+01       6.093776629745e-06 
       1.984785684395e+01       5.717414031168e-06 
       2.031017282021e+01       5.363485355256e-06 
       2.078325751893e+01       5.030678054019e-06 
       2.126736177589e+01       4.717700617091e-06 
       2.176274226957e+01       4.423383635381e-06 
       2.226966165726e+01       4.146710030510e-06 
       2.278838871434e+01       3.886563773892e-06 
       2.331919847675e+01       3.641999307378e-06 
       2.386237238686e+01       3.412111127063e-06 
       2.441819844267e+01       3.196081053695e-06 
       2.498697135051e+01       2.992978793320e-06 
       2.556899268129e+01       2.802097787319e-06 
       2.616457103045e+01       2.622733185840e-06 
       2.677402218149e+01       2.454193641871e-06 
       2.739766927349e+01       2.295838414441e-06 
       2.803584297238e+01       2.147062078823e-06 
       2.868888164632e+01       2.007299303450e-06 
       2.935713154505e+01       1.876034689045e-06 
       3.004094698352e+01       1.752765100203e-06 
       3.074069052971e+01       1.636986174392e-06 
       3.145673319693e+01       1.528252201551e-06 
       3.218945464046e+01       1.426198995156e-06 
       3.293924335892e+01       1.330376088249e-06 
       3.370649690021e+01       1.240455297421e-06 
       3.449162207232e+01       1.156049513483e-06 
       3.529503515900e+01       1.076871348643e-06 
       3.611716214051e+01       1.002576432303e-06 
       3.695843891945e+01       9.328976386593e-07 
       3.781931155191e+01       8.675429924352e-07 
       3.870023648395e+01       8.062719786327e-07 
       3.960168079364e+01       7.488373154995e-07 
       4.052412243867e+01       6.950039146437e-07 
       4.146805050982e+01       6.445716341755e-07 
       4.243396549024e+01       5.973299602748e-07 
       4.342237952085e+01       5.530903925799e-07 
       4.443381667184e+01       5.116881723617e-07 
       4.546881322058e+01       4.729491535237e-07 
       4.652791793594e+01       4.366976636904e-07 
       4.761169236926e+01       4.028117875147e-07 
       4.872071115209e+01       3.711373244865e-07 
       4.985556230087e+01       3.415658653577e-07 
       5.101684752870e+01       3.139454159761e-07 
       5.220518256437e+01       2.881632109001e-07 
       5.342119747886e+01       2.641282688279e-07 
       5.466553701937e+01       2.417468081983e-07 
       5.593886095118e+01       2.208977211272e-07 
       5.724184440751e+01       2.014846965865e-07 
       5.857517824743e+01       1.834593963790e-07 
       5.993956942219e+01       1.667151731679e-07 
       6.133574135006e+01       1.511835456064e-07 
       6.276443429986e+01       1.367882379499e-07 
       6.422640578351e+01       1.234608907690e-07 
       6.572243095764e+01       1.111525621509e-07 
       6.725330303461e+01       9.980278244393e-08 
       6.881983370305e+01       8.934633830819e-08 
       7.042285355826e+01       7.974256507283e-08 
       7.206321254258e+01       7.090967743077e-08 
       7.374178039606e+01       6.283207107218e-08 
       7.545944711760e+01       5.545659405231e-08 
       7.721712343682e+01       4.875447865185e-08 
       7.901574129697e+01       4.263831086347e-08 
       8.085625434906e+01       3.705775909452e-08 
       8.273963845747e+01       3.212657920219e-08 
       8.466689221737e+01       2.765963194734e-08 
       8.663903748422e+01       2.358659296754e-08 
       8.865711991556e+01       2.006231020427e-08 
       9.072220952538e+01       1.686923087703e-08 
       9.283540125155e+01       1.411963747829e-08 
       9.499781553628e+01       1.168775811051e-08 
       9.721059892026e+01       9.550812264938e-09 
       9.947492465051e+01       7.722636448713e-09 
       1.017919933025e+02       6.176843258834e-09 
       1.041630334168e+02       4.855261499947e-09 
       1.065893021501e+02       3.741786099807e-09 
       1.090720859423e+02       2.787358863704e-09 
       1.116127011982e+02       2.097166011087e-09 
       1.142124949856e+02       1.504416782112e-09 
       1.168728457497e+02       1.041124082069e-09 
       1.195951640436e+02       6.915080567229e-10 
       1.223808932764e+02       4.358895567730e-10 
       1.252315104788e+02       2.462793424314e-10 
       1.281485270857e+02       1.267448200311e-10 
       1.311334897379e+02       5.308699632874e-11 
       1.341879811021e+02       1.218531001747e-11 
       1.373136207101e+02       3.383178145008e-13 
       1.405120658174e+02       3.139009780355e-12 
       1.437850122818e+02       1.435195993930e-11 
       1.471341954630e+02       3.349306148762e-11 
       1.505613911421e+02       4.327518744282e-11 
       1.540684164638e+02       5.821637443413e-11 
       1.576571308992e+02       6.824879481503e-11 
       1.613294372322e+02       6.701236983024e-11 
       1.650872825683e+02       5.849909585910e-11 
       1.689326593668e+02       4.675564814086e-11 
       1.728676064974e+02       3.353142515086e-11 
       1.768942103212e+02       2.243380261699e-11 
       1.810146057967e+02       1.815970652751e-11 
       1.852309776122e+02       6.220370408647e-12 
       1.895455613439e+02       2.331198154389e-12 
       1.939606446411e+02       1.024292222084e-12 
       1.984785684395e+02       4.366837071454e-12 
       2.031017282021e+02       6.903078341176e-12 
