# Matter power spectrum P(k) at redshift z=99
# for k=1.00899e-05 to 203.102 h/Mpc,
# number of wavenumbers equal to 845
#    1:k (h/Mpc)              2:P (Mpc/h)^3        
       1.008985923385e-05       8.603019949063e-03 
       2.251775554930e-05       1.859278526632e-02 
       3.498636120606e-05       2.838321018469e-02 
       4.752690065129e-05       3.808712429062e-02 
       6.017107953816e-05       4.776671586459e-02 
       7.295134796828e-05       5.746734315531e-02 
       8.590117159567e-05       6.722695836947e-02 
       9.905531396721e-05       7.707993484091e-02 
       1.124501335013e-04       8.705899425685e-02 
       1.261238985365e-04       9.719635041023e-02 
       1.401171238971e-04       1.075244810448e-01 
       1.544729323969e-04       1.180767065872e-01 
       1.692374446017e-04       1.288876790769e-01 
       1.844601999509e-04       1.399938085742e-01 
       2.001946119308e-04       1.514336719064e-01 
       2.164984593225e-04       1.632484096243e-01 
       2.334344144963e-04       1.754821240232e-01 
       2.510706081659e-04       1.881822851453e-01 
       2.694812277618e-04       2.014001354653e-01 
       2.887471434300e-04       2.151911113028e-01 
       3.089565513521e-04       2.296152511982e-01 
       3.302056183397e-04       2.447375911538e-01 
       3.525991041884e-04       2.606285385410e-01 
       3.762509288441e-04       2.773641782129e-01 
       4.012846398935e-04       2.950265051140e-01 
       4.278337223492e-04       3.137035256138e-01 
       4.560416776520e-04       3.334891771107e-01 
       4.860617833901e-04       3.544830187643e-01 
       5.180564314341e-04       3.767896036065e-01 
       5.521959331310e-04       4.005174763174e-01 
       5.886566802046e-04       4.257777230543e-01 
       6.276185644258e-04       4.526819918833e-01 
       6.692615935926e-04       4.813399862208e-01 
       7.137617004578e-04       5.118564204197e-01 
       7.612858262925e-04       5.443275074735e-01 
       8.119864673565e-04       5.788371304994e-01 
       8.659959883789e-04       6.154529402221e-01 
       9.234211117495e-04       6.542226304985e-01 
       9.843380585498e-04       6.951707696964e-01 
       1.048788822721e-03       7.382964702399e-01 
       1.116778987109e-03       7.835722205072e-01 
       1.188277341859e-03       8.309439806655e-01 
       1.263217364320e-03       8.803328000995e-01 
       1.341500404014e-03       9.316457860849e-01 
       1.423000230117e-03       9.847560712393e-01 
       1.507568477514e-03       1.039528166943e+00 
       1.595040487398e-03       1.095815896072e+00 
       1.685241075052e-03       1.153466587852e+00 
       1.777989849946e-03       1.212324861622e+00 
       1.873105833493e-03       1.272235904280e+00 
       1.970411241375e-03       1.333048165869e+00 
       2.069734401352e-03       1.394615324950e+00 
       2.170911854437e-03       1.456797814821e+00 
       2.273789735608e-03       1.519463804935e+00 
       2.378224553543e-03       1.582489611794e+00 
       2.484083493407e-03       1.645760063625e+00 
       2.591244358870e-03       1.709168184431e+00 
       2.699595254824e-03       1.772615468407e+00 
       2.809034094888e-03       1.836010958280e+00 
       2.919468000394e-03       1.899271308815e+00 
       3.030812641761e-03       1.962319963658e+00 
       3.142991559685e-03       2.025087262826e+00 
       3.255935492585e-03       2.087509059900e+00 
       3.369581728141e-03       2.149527223360e+00 
       3.483873490193e-03       2.211088585201e+00 
       3.598759367421e-03       2.272145391573e+00 
       3.714192786759e-03       2.332653272838e+00 
       3.830131532053e-03       2.392573005904e+00 
       3.946537306880e-03       2.451868247166e+00 
       4.063375339396e-03       2.510507368177e+00 
       4.180614026477e-03       2.568460522169e+00 
       4.298224614140e-03       2.625702561190e+00 
       4.416180911106e-03       2.682210025989e+00 
       4.534459032436e-03       2.737961968599e+00 
       4.653037170281e-03       2.792940807466e+00 
       4.771895388998e-03       2.847130171306e+00 
       4.891015442065e-03       2.900517236235e+00 
       5.010380608463e-03       2.953089890535e+00 
       5.129975546421e-03       3.004837475874e+00 
       5.249786162607e-03       3.055753055159e+00 
       5.369799495068e-03       3.105829256501e+00 
       5.490003608392e-03       3.155062271379e+00 
       5.610387499743e-03       3.203447783129e+00 
       5.730941014549e-03       3.250983065507e+00 
       5.851654770797e-03       3.297667415780e+00 
       5.972520090970e-03       3.343501520435e+00 
       6.093528940795e-03       3.388485630362e+00 
       6.214673874059e-03       3.432621925082e+00 
       6.335947982840e-03       3.475913756972e+00 
       6.457344852562e-03       3.518363546785e+00 
       6.578858521367e-03       3.559977469041e+00 
       6.700483443346e-03       3.600760087047e+00 
       6.822214455222e-03       3.640715864784e+00 
       6.944046746129e-03       3.679852204575e+00 
       7.065975830168e-03       3.718176143616e+00 
       7.187997521452e-03       3.755692795286e+00 
       7.310107911398e-03       3.792412632350e+00 
       7.432303348035e-03       3.828342790517e+00 
       7.554580417124e-03       3.863491138482e+00 
       7.676935924931e-03       3.897864299243e+00 
       7.799366882465e-03       3.931472906019e+00 
       7.921870491067e-03       3.964325736909e+00 
       8.044444129208e-03       3.996431305943e+00 
       8.167085340379e-03       4.027799025717e+00 
       8.289791821990e-03       4.058436964362e+00 
       8.412561415158e-03       4.088355959139e+00 
       8.535392095331e-03       4.117564372843e+00 
       8.658281963652e-03       4.146071206786e+00 
       8.781229239010e-03       4.173884947306e+00 
       8.904232250708e-03       4.201017431723e+00 
       9.027289431704e-03       4.227475300709e+00 
       9.150399312368e-03       4.253267772537e+00 
       9.273560514714e-03       4.278404631761e+00 
       9.396771747065e-03       4.302894245750e+00 
       9.520031799123e-03       4.326744891152e+00 
       9.643339537395e-03       4.349966464940e+00 
       9.766693900965e-03       4.372565082209e+00 
       9.890093897566e-03       4.394551572078e+00 
       1.001353859994e-02       4.415933995812e+00 
       1.013702714247e-02       4.436718097791e+00 
       1.026055871802e-02       4.456913277182e+00 
       1.038413257505e-02       4.476526822202e+00 
       1.050774801489e-02       4.495569590731e+00 
       1.063140438921e-02       4.514042240950e+00 
       1.075510109773e-02       4.531960017956e+00 
       1.087883758598e-02       4.549325043337e+00 
       1.100261334330e-02       4.566144062737e+00 
       1.112642790095e-02       4.582425776614e+00 
       1.125028083038e-02       4.598177482429e+00 
       1.137417174154e-02       4.613404641090e+00 
       1.149810028141e-02       4.628115612439e+00 
       1.162206613256e-02       4.642313538098e+00 
       1.174606901183e-02       4.656008551139e+00 
       1.187010866910e-02       4.669203813138e+00 
       1.199418488617e-02       4.681907912801e+00 
       1.211829747567e-02       4.694124691030e+00 
       1.224244628010e-02       4.705862437973e+00 
       1.236663117090e-02       4.717125440561e+00 
       1.249085204757e-02       4.727919424728e+00 
       1.261510883696e-02       4.738251190507e+00 
       1.273940149246e-02       4.748124567553e+00 
       1.286372999336e-02       4.757548600129e+00 
       1.298809434421e-02       4.766524278512e+00 
       1.311249457428e-02       4.775060949202e+00 
       1.323693073698e-02       4.783161011099e+00 
       1.336140290942e-02       4.790831908464e+00 
       1.348591119193e-02       4.798078694824e+00 
       1.361045570765e-02       4.804907027866e+00 
       1.373503660222e-02       4.811320690009e+00 
       1.385965404336e-02       4.817326232704e+00 
       1.398430822064e-02       4.822927710155e+00 
       1.410899934517e-02       4.828131098709e+00 
       1.423372764937e-02       4.832940174766e+00 
       1.435849338678e-02       4.837363066837e+00 
       1.448329683185e-02       4.841400848282e+00 
       1.460813827981e-02       4.845060058482e+00 
       1.473301804651e-02       4.848346524825e+00 
       1.485793646835e-02       4.851265592929e+00 
       1.498289390217e-02       4.853820244338e+00 
       1.510789072521e-02       4.856018351144e+00 
       1.523292733507e-02       4.857860780281e+00 
       1.535800414968e-02       4.859353600320e+00 
       1.548312160735e-02       4.860505314295e+00 
       1.560828016672e-02       4.861313451038e+00 
       1.573348030688e-02       4.861791782261e+00 
       1.585872252741e-02       4.861936756822e+00 
       1.598400734844e-02       4.861757530977e+00 
       1.610933531079e-02       4.861256033605e+00 
       1.623470697605e-02       4.860441412899e+00 
       1.636012292677e-02       4.859315787038e+00 
       1.648558376655e-02       4.857880482370e+00 
       1.661109012028e-02       4.856144202262e+00 
       1.673664263428e-02       4.854108695144e+00 
       1.686224197652e-02       4.851782018807e+00 
       1.698788883685e-02       4.849166492346e+00 
       1.711358392725e-02       4.846262609958e+00 
       1.723932798205e-02       4.843080498045e+00 
       1.736512175823e-02       4.839622548412e+00 
       1.749096603570e-02       4.835891899648e+00 
       1.761686161762e-02       4.831891070329e+00 
       1.774280933070e-02       4.827634883369e+00 
       1.786881002554e-02       4.823110596483e+00 
       1.799486457700e-02       4.818336784407e+00 
       1.812097388457e-02       4.813310636882e+00 
       1.824713887274e-02       4.808034205614e+00 
       1.837336049141e-02       4.802516995597e+00 
       1.849963971633e-02       4.796761846263e+00 
       1.862597754953e-02       4.790766907836e+00 
       1.875237501977e-02       4.784543092793e+00 
       1.887883318301e-02       4.778090584373e+00 
       1.900535312294e-02       4.771418089209e+00 
       1.913193595143e-02       4.764521779920e+00 
       1.925858280911e-02       4.757411583923e+00 
       1.938529486592e-02       4.750084635575e+00 
       1.951207332163e-02       4.742552064488e+00 
       1.963891940648e-02       4.734811343640e+00 
       1.976583438176e-02       4.726877255664e+00 
       1.989281954046e-02       4.718735202499e+00 
       2.001987620788e-02       4.710399831517e+00 
       2.014700574237e-02       4.701878460506e+00 
       2.027420953594e-02       4.693164787493e+00 
       2.040148901504e-02       4.684268381876e+00 
       2.052884564128e-02       4.675190433102e+00 
       2.065628091220e-02       4.665935231599e+00 
       2.078379636203e-02       4.656510784480e+00 
       2.091139356253e-02       4.646912520567e+00 
       2.103907412384e-02       4.637139472433e+00 
       2.116683969530e-02       4.627213335275e+00 
       2.129469196640e-02       4.617118882992e+00 
       2.142263266765e-02       4.606859328495e+00 
       2.155066357157e-02       4.596460096282e+00 
       2.167878649364e-02       4.585911017886e+00 
       2.180700329333e-02       4.575198459253e+00 
       2.193531587513e-02       4.564351363123e+00 
       2.206372618964e-02       4.553354573215e+00 
       2.219223623466e-02       4.542222294782e+00 
       2.232084805636e-02       4.530958758470e+00 
       2.244956375042e-02       4.519557054222e+00 
       2.257838546331e-02       4.508020331439e+00 
       2.270731539347e-02       4.496365983026e+00 
       2.283635579267e-02       4.484581864829e+00 
       2.296550896730e-02       4.472666328212e+00 
       2.309477727980e-02       4.460652005790e+00 
       2.322416315002e-02       4.448520615472e+00 
       2.335366905675e-02       4.436260403440e+00 
       2.348329753921e-02       4.423895904428e+00 
       2.361305119861e-02       4.411420651852e+00 
       2.374293269977e-02       4.398842217592e+00 
       2.387294477280e-02       4.386166518385e+00 
       2.400309021484e-02       4.373383960253e+00 
       2.413337189178e-02       4.360517892132e+00 
       2.426379274017e-02       4.347545284219e+00 
       2.439435576908e-02       4.334475348721e+00 
       2.452506406208e-02       4.321323626315e+00 
       2.465592077927e-02       4.308083387072e+00 
       2.478692915937e-02       4.294766864480e+00 
       2.491809252189e-02       4.281354545907e+00 
       2.504941426942e-02       4.267862173868e+00 
       2.518089788986e-02       4.254316202621e+00 
       2.531254695892e-02       4.240665684456e+00 
       2.544436514254e-02       4.226957986926e+00 
       2.557635619949e-02       4.213165522978e+00 
       2.570852398403e-02       4.199322631152e+00 
       2.584087244865e-02       4.185414395057e+00 
       2.597340564696e-02       4.171419967715e+00 
       2.610612773662e-02       4.157386943513e+00 
       2.623904298241e-02       4.143279313532e+00 
       2.637215575941e-02       4.129119114120e+00 
       2.650547055630e-02       4.114909589402e+00 
       2.663899197875e-02       4.100632147074e+00 
       2.677272475300e-02       4.086315531608e+00 
       2.690667372948e-02       4.071949489636e+00 
       2.704084388668e-02       4.057523276234e+00 
       2.717524033506e-02       4.043062795652e+00 
       2.730986832117e-02       4.028564761880e+00 
       2.744473323193e-02       4.014017209726e+00 
       2.757984059904e-02       3.999416801668e+00 
       2.771519610360e-02       3.984793021804e+00 
       2.785080558089e-02       3.970139376253e+00 
       2.798667502534e-02       3.955429200372e+00 
       2.812281059571e-02       3.940704889750e+00 
       2.825921862046e-02       3.925931781274e+00 
       2.839590560337e-02       3.911143869453e+00 
       2.853287822937e-02       3.896323944973e+00 
       2.867014337060e-02       3.881469175137e+00 
       2.880770809274e-02       3.866596106453e+00 
       2.894557966159e-02       3.851706519100e+00 
       2.908376554997e-02       3.836785188780e+00 
       2.922227344485e-02       3.821843670179e+00 
       2.936111125486e-02       3.806883713609e+00 
       2.950028711803e-02       3.791909111650e+00 
       2.963980940998e-02       3.776910358717e+00 
       2.977968675242e-02       3.761896542344e+00 
       2.991992802197e-02       3.746873074658e+00 
       3.006054235952e-02       3.731839233851e+00 
       3.020153917986e-02       3.716789491003e+00 
       3.034292818185e-02       3.701732259085e+00 
       3.048471935906e-02       3.686666723520e+00 
       3.062692301082e-02       3.671573056205e+00 
       3.076954975391e-02       3.656510727169e+00 
       3.091261053472e-02       3.641423143127e+00 
       3.105611664203e-02       3.626333103605e+00 
       3.120007972039e-02       3.611238917655e+00 
       3.134451178417e-02       3.596129346742e+00 
       3.148942523232e-02       3.581030303640e+00 
       3.163483286384e-02       3.565932014457e+00 
       3.178074789403e-02       3.550837134790e+00 
       3.192718397158e-02       3.535730272006e+00 
       3.207415519655e-02       3.520633438224e+00 
       3.222167613928e-02       3.505537801738e+00 
       3.236976186026e-02       3.490442660786e+00 
       3.251842793110e-02       3.475375047785e+00 
       3.266769045662e-02       3.460265742643e+00 
       3.281756609808e-02       3.445209363080e+00 
       3.296807209781e-02       3.430134899848e+00 
       3.311922630503e-02       3.415058872492e+00 
       3.327104720329e-02       3.400023028107e+00 
       3.342355393934e-02       3.384968933192e+00 
       3.357676635374e-02       3.369914159585e+00 
       3.373070501315e-02       3.354895649943e+00 
       3.388539124463e-02       3.339875969222e+00 
       3.404084717188e-02       3.324864330598e+00 
       3.419709575366e-02       3.309868245423e+00 
       3.435416082463e-02       3.294879739324e+00 
       3.451206713858e-02       3.279887062911e+00 
       3.467084041444e-02       3.264934621480e+00 
       3.483050738512e-02       3.249966689605e+00 
       3.499109584951e-02       3.235026701385e+00 
       3.515263472782e-02       3.220095861887e+00 
       3.531515412053e-02       3.205178625090e+00 
       3.547868537122e-02       3.190263510120e+00 
       3.564326113364e-02       3.175367629492e+00 
       3.580891544335e-02       3.160484560566e+00 
       3.597568379423e-02       3.145608990681e+00 
       3.614360322038e-02       3.130752528916e+00 
       3.631271238380e-02       3.115895990887e+00 
       3.648305166828e-02       3.101051950690e+00 
       3.665466328025e-02       3.086233798823e+00 
       3.682759135694e-02       3.071426342959e+00 
       3.700188208264e-02       3.056620150300e+00 
       3.717758381384e-02       3.041827969728e+00 
       3.735474721393e-02       3.027047281825e+00 
       3.753342539844e-02       3.012260782761e+00 
       3.771367409180e-02       2.997496037378e+00 
       3.789555179669e-02       2.982748313021e+00 
       3.807911997726e-02       2.967992987947e+00 
       3.826444325751e-02       2.953258539888e+00 
       3.845158963647e-02       2.938525054178e+00 
       3.864063072175e-02       2.923798719479e+00 
       3.883164198345e-02       2.909074769995e+00 
       3.902470303062e-02       2.894351731762e+00 
       3.921989791253e-02       2.879633990756e+00 
       3.941731544758e-02       2.864915730791e+00 
       3.961704958289e-02       2.850197366957e+00 
       3.981919978798e-02       2.835482929531e+00 
       4.002387148648e-02       2.820767228636e+00 
       4.023117653032e-02       2.806042353822e+00 
       4.044123372141e-02       2.791314225712e+00 
       4.065416938658e-02       2.776579716531e+00 
       4.087011801240e-02       2.761838109262e+00 
       4.108922294733e-02       2.747087363181e+00 
       4.131163717982e-02       2.732312219170e+00 
       4.153752420241e-02       2.717530996369e+00 
       4.176705897322e-02       2.702737276900e+00 
       4.200042898802e-02       2.687912362074e+00 
       4.223783547839e-02       2.673079499519e+00 
       4.247949475379e-02       2.658211032865e+00 
       4.272563970839e-02       2.643320508793e+00 
       4.297652151713e-02       2.628397329196e+00 
       4.323241154967e-02       2.613434542984e+00 
       4.349360353592e-02       2.598436236428e+00 
       4.376041602319e-02       2.583391726833e+00 
       4.403319517213e-02       2.568303766475e+00 
       4.431231794788e-02       2.553165042900e+00 
       4.459819577357e-02       2.537967112170e+00 
       4.489127872701e-02       2.522707425074e+00 
       4.519206037738e-02       2.507370945914e+00 
       4.550108337953e-02       2.491970415932e+00 
       4.581894596815e-02       2.476480154994e+00 
       4.614630952536e-02       2.460904886819e+00 
       4.648390743429e-02       2.445219843556e+00 
       4.683255547970e-02       2.429438414727e+00 
       4.719316411816e-02       2.413533722512e+00 
       4.756675301773e-02       2.397488513602e+00 
       4.795446836503e-02       2.381319028048e+00 
       4.835760356241e-02       2.364999343250e+00 
       4.877762409663e-02       2.348485937419e+00 
       4.921619756285e-02       2.331770989753e+00 
       4.967523008562e-02       2.314814816457e+00 
       5.015691070604e-02       2.297625654412e+00 
       5.066376571717e-02       2.280152007658e+00 
       5.119872544391e-02       2.262343364188e+00 
       5.176520658853e-02       2.244181867299e+00 
       5.236721399178e-02       2.225595380991e+00 
       5.300946644312e-02       2.206511367370e+00 
       5.369755187007e-02       2.186843310577e+00 
       5.443811751592e-02       2.166486916481e+00 
       5.523909986870e-02       2.145297512720e+00 
       5.610999570581e-02       2.123085416491e+00 
       5.706216694303e-02       2.099598235099e+00 
       5.810915312358e-02       2.074519156341e+00 
       5.926692834861e-02       2.047388390069e+00 
       6.055397337690e-02       2.017608856642e+00 
       6.199093019779e-02       1.984373254159e+00 
       6.359947941573e-02       1.946625961612e+00 
       6.540001143586e-02       1.903076039448e+00 
       6.740785584535e-02       1.852267910938e+00 
       6.962856954584e-02       1.792848211020e+00 
       7.205402576627e-02       1.723976142783e+00 
       7.466181558845e-02       1.645831646684e+00 
       7.741925945704e-02       1.559919277906e+00 
       8.029037151845e-02       1.469001172636e+00 
       8.324228136121e-02       1.376623665723e+00 
       8.624873568324e-02       1.286493090442e+00 
       8.929066763551e-02       1.201907933901e+00 
       9.235510012400e-02       1.125373570582e+00 
       9.543357075755e-02       1.058439140701e+00 
       9.852071039889e-02       1.001700804926e+00 
       1.016131705669e-01       9.548873753406e-01 
       1.047088850236e-01       9.170594962994e-01 
       1.078065869652e-01       8.867579345680e-01 
       1.109055026927e-01       8.622027180936e-01 
       1.140051606950e-01       8.414637379266e-01 
       1.171052739291e-01       8.226289573978e-01 
       1.202056676986e-01       8.039807668360e-01 
       1.233062356398e-01       7.841197669928e-01 
       1.264069129232e-01       7.620937986179e-01 
       1.295076599588e-01       7.374485082300e-01 
       1.326084524970e-01       7.102187574699e-01 
       1.357092756157e-01       6.808694453686e-01 
       1.388101200703e-01       6.501788951818e-01 
       1.419109800763e-01       6.191037138366e-01 
       1.450118519627e-01       5.886422107687e-01 
       1.481127333536e-01       5.597099522711e-01 
       1.512136226708e-01       5.330622407840e-01 
       1.543145188302e-01       5.092176086948e-01 
       1.574154210577e-01       4.884323054946e-01 
       1.605163287752e-01       4.707405047936e-01 
       1.636172415321e-01       4.559446166038e-01 
       1.667181589622e-01       4.436779510922e-01 
       1.698190807569e-01       4.334205177209e-01 
       1.729200066488e-01       4.246184455706e-01 
       1.760209364009e-01       4.166931721926e-01 
       1.791218697997e-01       4.091643749092e-01 
       1.822228066506e-01       4.014310170810e-01 
       1.853237467746e-01       3.931017945803e-01 
       1.884246900064e-01       3.839283109847e-01 
       1.915256361923e-01       3.738273651401e-01 
       1.946265851889e-01       3.628719782703e-01 
       1.977275368625e-01       3.512603100409e-01 
       2.008284910877e-01       3.392763202673e-01 
       2.039294477471e-01       3.272441006332e-01 
       2.070304067303e-01       3.154696544591e-01 
       2.101313679336e-01       3.042230615682e-01 
       2.132323312595e-01       2.937205217448e-01 
       2.163332966159e-01       2.841095674903e-01 
       2.194342639162e-01       2.754754467091e-01 
       2.225352330786e-01       2.678398358602e-01 
       2.256362040257e-01       2.611448385493e-01 
       2.287371766844e-01       2.552981420695e-01 
       2.318381509857e-01       2.501434823733e-01 
       2.349391268640e-01       2.455004180004e-01 
       2.380401042573e-01       2.411715916446e-01 
       2.411410831068e-01       2.369761180463e-01 
       2.442420633567e-01       2.327616726596e-01 
       2.473430449540e-01       2.284064759269e-01 
       2.504440278483e-01       2.238395289577e-01 
       2.535450119918e-01       2.190282778201e-01 
       2.566459973389e-01       2.139822779952e-01 
       2.597469838462e-01       2.087395115607e-01 
       2.628479714724e-01       2.033725880950e-01 
       2.659489601782e-01       1.979719635712e-01 
       2.690499499260e-01       1.926380850265e-01 
       2.721509406800e-01       1.874695415831e-01 
       2.752519324060e-01       1.825512337762e-01 
       2.783529250714e-01       1.779447619118e-01 
       2.814539186449e-01       1.736824931910e-01 
       2.845549130966e-01       1.697742882282e-01 
       2.876559083981e-01       1.662013356606e-01 
       2.907569045219e-01       1.629306905098e-01 
       2.938579014420e-01       1.599124836382e-01 
       2.969588991332e-01       1.570961413549e-01 
       3.000598975715e-01       1.544249688042e-01 
       3.031608967339e-01       1.518425100913e-01 
       3.062618965982e-01       1.492968096947e-01 
       3.093628971433e-01       1.467435424513e-01 
       3.124638983487e-01       1.441511866154e-01 
       3.155649001950e-01       1.415032885877e-01 
       3.186659026633e-01       1.387989913794e-01 
       3.217669057355e-01       1.360523384233e-01 
       3.248679093943e-01       1.332844002150e-01 
       3.279689136230e-01       1.305227943368e-01 
       3.310699184054e-01       1.277952786377e-01 
       3.341709237261e-01       1.251280878142e-01 
       3.372719295702e-01       1.225449133438e-01 
       3.403729359232e-01       1.200663230210e-01 
       3.434739427715e-01       1.177054093097e-01 
       3.465749501015e-01       1.154724011922e-01 
       3.496759579004e-01       1.133674325204e-01 
       3.527769661558e-01       1.113843215441e-01 
       3.558779748558e-01       1.095073380531e-01 
       3.589789839887e-01       1.077197198560e-01 
       3.620799935433e-01       1.059996827908e-01 
       3.651810035090e-01       1.043286676013e-01 
       3.682820138752e-01       1.026900881444e-01 
       3.713830246319e-01       1.010713947905e-01 
       3.744840357693e-01       9.946348045350e-02 
       3.775850472781e-01       9.786026644366e-02 
       3.806860591491e-01       9.625870280368e-02 
       3.837870713735e-01       9.465846752162e-02 
       3.868880839427e-01       9.306275420144e-02 
       3.899890968486e-01       9.147738088236e-02 
       3.930901100830e-01       8.991089650567e-02 
       3.961911236384e-01       8.837229598253e-02 
       3.992921375071e-01       8.687002796324e-02 
       4.023931516818e-01       8.541034164661e-02 
       4.054941661557e-01       8.399703273076e-02 
       4.085951809217e-01       8.263169028703e-02 
       4.116961959733e-01       8.131387711510e-02 
       4.147972113040e-01       8.004258802475e-02 
       4.178982269077e-01       7.881595076518e-02 
       4.209992427782e-01       7.763117000058e-02 
       4.241002589097e-01       7.648468728804e-02 
       4.272012752965e-01       7.537134064779e-02 
       4.303022919330e-01       7.428512332202e-02 
       4.334033088139e-01       7.322015920973e-02 
       4.365043259339e-01       7.217123340611e-02 
       4.396053432879e-01       7.113473646370e-02 
       4.427063608711e-01       7.010884630919e-02 
       4.458073786786e-01       6.909317666168e-02 
       4.489083967058e-01       6.808807135113e-02 
       4.520094149481e-01       6.709437110296e-02 
       4.551104334010e-01       6.611298043964e-02 
       4.582114520605e-01       6.514520987614e-02 
       4.613124709221e-01       6.419280876590e-02 
       4.644134899819e-01       6.325816936200e-02 
       4.675145092360e-01       6.234388021458e-02 
       4.706155286804e-01       6.145231625080e-02 
       4.737165483114e-01       6.058498393015e-02 
       4.768175681254e-01       5.974202345881e-02 
       4.799185881188e-01       5.892242686573e-02 
       4.830196082881e-01       5.812436892543e-02 
       4.861206286300e-01       5.734579088165e-02 
       4.892216491411e-01       5.658470563191e-02 
       4.923226698183e-01       5.583953719360e-02 
       4.954236906585e-01       5.510893480516e-02 
       4.985247116585e-01       5.439137399546e-02 
       5.016257328155e-01       5.368534080763e-02 
       5.047267541264e-01       5.298928043788e-02 
       5.078277755885e-01       5.230198801266e-02 
       5.109287971991e-01       5.162290299931e-02 
       5.140298189553e-01       5.095211924345e-02 
       5.171308408547e-01       5.029060518671e-02 
       5.202318628946e-01       4.963940501656e-02 
       5.233328850725e-01       4.899928845497e-02 
       5.264339073859e-01       4.837092193390e-02 
       5.295349298326e-01       4.775425969433e-02 
       5.326359524101e-01       4.714918014880e-02 
       5.357369751162e-01       4.655562104413e-02 
       5.388379979486e-01       4.597343904728e-02 
       5.419390209052e-01       4.540302056143e-02 
       5.450400439839e-01       4.484435177969e-02 
       5.481410671825e-01       4.429722938894e-02 
       5.512420904991e-01       4.376115060983e-02 
       5.543431139316e-01       4.323507418297e-02 
       5.574441374781e-01       4.271799290504e-02 
       5.605451611368e-01       4.220921802552e-02 
       5.636461849057e-01       4.170825604704e-02 
       5.667472087831e-01       4.121509604979e-02 
       5.698482327671e-01       4.072956837236e-02 
       5.729492568561e-01       4.025159020423e-02 
       5.760502810483e-01       3.978086090289e-02 
       5.791513053420e-01       3.931692867354e-02 
       5.822523297358e-01       3.885942535918e-02 
       5.853533542278e-01       3.840824245489e-02 
       5.884543788167e-01       3.796358288362e-02 
       5.915554035008e-01       3.752582815907e-02 
       5.946564282787e-01       3.709541509934e-02 
       5.977574531490e-01       3.667250905300e-02 
       6.008584781101e-01       3.625700773899e-02 
       6.039595031606e-01       3.584858789973e-02 
       6.070605282993e-01       3.544686444802e-02 
       6.101615535247e-01       3.505157548996e-02 
       6.132625788356e-01       3.466263202494e-02 
       6.163636042306e-01       3.428009539123e-02 
       6.194646297084e-01       3.390396580378e-02 
       6.225656552679e-01       3.353406085279e-02 
       6.256666809078e-01       3.317005111731e-02 
       6.287677066270e-01       3.281142257968e-02 
       6.318687324242e-01       3.245776316995e-02 
       6.349697582983e-01       3.210885274503e-02 
       6.380707842481e-01       3.176468441461e-02 
       6.411718102727e-01       3.142542106977e-02 
       6.442728363709e-01       3.109117891707e-02 
       6.473738625416e-01       3.076199415467e-02 
       6.504748887838e-01       3.043768252647e-02 
       6.535759150964e-01       3.011801089283e-02 
       6.566769414786e-01       2.980275549942e-02 
       6.597779679293e-01       2.949179844776e-02 
       6.628789944474e-01       2.918525965252e-02 
       6.659800210322e-01       2.888329601012e-02 
       6.690810476827e-01       2.858599426702e-02 
       6.721820743978e-01       2.829341976500e-02 
       6.752831011769e-01       2.800530012195e-02 
       6.783841280189e-01       2.772134923728e-02 
       6.814851549230e-01       2.744131842875e-02 
       6.845861818884e-01       2.716506246901e-02 
       6.876872089143e-01       2.689259413854e-02 
       6.907882359997e-01       2.662398551935e-02 
       6.938892631440e-01       2.635926754429e-02 
       6.969902903463e-01       2.609842463003e-02 
       7.000913176059e-01       2.584129977520e-02 
       7.031923449220e-01       2.558748613319e-02 
       7.062933722939e-01       2.533678511147e-02 
       7.093943997207e-01       2.508930604681e-02 
       7.124954272019e-01       2.484501365794e-02 
       7.155964547367e-01       2.460406643699e-02 
       7.186974823243e-01       2.436653697984e-02 
       7.217985099642e-01       2.413239416803e-02 
       7.248995376556e-01       2.390147993159e-02 
       7.280005653980e-01       2.367356372175e-02 
       7.464455758911e-01       2.237787146390e-02 
       7.651667369904e-01       2.116262938639e-02 
       7.841776807609e-01       2.002076817232e-02 
       8.034934157474e-01       1.894644526543e-02 
       8.231301148749e-01       1.793500486445e-02 
       8.431049009566e-01       1.698152683248e-02 
       8.634356369493e-01       1.608216646561e-02 
       8.841407269858e-01       1.523335187603e-02 
       9.052389330669e-01       1.443141112082e-02 
       9.267492111720e-01       1.367302864599e-02 
       9.486905694695e-01       1.295549534831e-02 
       9.710819503027e-01       1.227607348216e-02 
       9.939421366890e-01       1.163253503706e-02 
       1.017289683224e+00       1.102276750759e-02 
       1.041142870509e+00       1.044475088603e-02 
       1.065519681575e+00       9.896711582995e-03 
       1.090437798200e+00       9.377006621511e-03 
       1.115914614608e+00       8.884103273224e-03 
       1.141967265759e+00       8.416608481829e-03 
       1.168612667242e+00       7.973116548618e-03 
       1.195867563839e+00       7.552387475639e-03 
       1.223748583886e+00       7.153256215244e-03 
       1.252272296823e+00       6.774485343266e-03 
       1.281455271632e+00       6.415232313249e-03 
       1.311314134255e+00       6.074513413053e-03 
       1.341865622465e+00       5.751383128615e-03 
       1.373126637132e+00       5.444880882075e-03 
       1.405114289159e+00       5.154247797163e-03 
       1.437845941780e+00       4.878741661148e-03 
       1.471339248146e+00       4.617451307803e-03 
       1.505612184415e+00       4.369744841780e-03 
       1.540683078698e+00       4.134999805566e-03 
       1.576570636332e+00       3.912441489067e-03 
       1.613293962009e+00       3.701610454937e-03 
       1.650872579296e+00       3.501734402807e-03 
       1.689326448072e+00       3.312417551059e-03 
       1.728675980336e+00       3.133037974838e-03 
       1.768942054827e+00       2.963091833200e-03 
       1.810146030777e+00       2.802156917016e-03 
       1.852309761107e+00       2.649747313897e-03 
       1.895455605294e+00       2.505387868609e-03 
       1.939606442072e+00       2.368701642316e-03 
       1.984785682127e+00       2.239294382026e-03 
       2.031017280857e+00       2.116782946343e-03 
       2.078325751307e+00       2.000806977021e-03 
       2.126736177300e+00       1.891031220336e-03 
       2.176274226817e+00       1.787138578424e-03 
       2.226966165660e+00       1.688817508443e-03 
       2.278838871403e+00       1.595778357875e-03 
       2.331919847661e+00       1.507748181478e-03 
       2.386237238680e+00       1.424460873418e-03 
       2.441819844264e+00       1.345689801255e-03 
       2.498697135050e+00       1.271169747873e-03 
       2.556899268129e+00       1.200679861277e-03 
       2.616457103044e+00       1.134029088764e-03 
       2.677402218149e+00       1.070990199088e-03 
       2.739766927348e+00       1.011393037531e-03 
       2.803584297238e+00       9.550283084271e-04 
       2.868888164632e+00       9.017549981356e-04 
       2.935713154505e+00       8.513877321128e-04 
       3.004094698352e+00       8.037738629334e-04 
       3.074069052971e+00       7.587720466549e-04 
       3.145673319693e+00       7.162406989765e-04 
       3.218945464046e+00       6.760490021882e-04 
       3.293924335892e+00       6.380678826090e-04 
       3.370649690021e+00       6.021844500182e-04 
       3.449162207232e+00       5.682791411497e-04 
       3.529503515900e+00       5.362445988163e-04 
       3.611716214051e+00       5.059865129356e-04 
       3.695843891945e+00       4.774042214162e-04 
       3.781931155191e+00       4.504075371193e-04 
       3.870023648395e+00       4.249129012078e-04 
       3.960168079364e+00       4.008317436029e-04 
       4.052412243867e+00       3.780925123236e-04 
       4.146805050982e+00       3.566239065562e-04 
       4.243396549024e+00       3.363529054954e-04 
       4.342237952085e+00       3.172131629023e-04 
       4.443381667184e+00       2.991474155665e-04 
       4.546881322058e+00       2.820907744688e-04 
       4.652791793594e+00       2.659935666780e-04 
       4.761169236926e+00       2.507977593053e-04 
       4.872071115209e+00       2.364578008566e-04 
       4.985556230087e+00       2.229226970896e-04 
       5.101684752870e+00       2.101518215302e-04 
       5.220518256437e+00       1.981015655234e-04 
       5.342119747886e+00       1.867319963127e-04 
       5.466553701937e+00       1.760035569005e-04 
       5.593886095118e+00       1.658825962219e-04 
       5.724184440751e+00       1.563351148070e-04 
       5.857517824743e+00       1.473292869800e-04 
       5.993956942219e+00       1.388347824847e-04 
       6.133574135006e+00       1.308211729360e-04 
       6.276443429986e+00       1.232655383017e-04 
       6.422640578351e+00       1.161390340696e-04 
       6.572243095764e+00       1.094179733858e-04 
       6.725330303461e+00       1.030810039068e-04 
       6.881983370305e+00       9.710580702882e-05 
       7.042285355826e+00       9.147155680847e-05 
       7.206321254258e+00       8.616028801449e-05 
       7.374178039606e+00       8.115248552668e-05 
       7.545944711760e+00       7.643232475699e-05 
       7.721712343682e+00       7.198260552318e-05 
       7.901574129697e+00       6.778798774467e-05 
       8.085625434906e+00       6.383468509157e-05 
       8.273963845747e+00       6.010922161092e-05 
       8.466689221737e+00       5.659758968733e-05 
       8.663903748422e+00       5.328827153936e-05 
       8.865711991556e+00       5.017018926902e-05 
       9.072220952538e+00       4.723176769764e-05 
       9.283540125155e+00       4.446305004078e-05 
       9.499781553628e+00       4.185436043599e-05 
       9.721059892026e+00       3.939671119172e-05 
       9.947492465052e+00       3.708142159402e-05 
       1.017919933025e+01       3.490012370136e-05 
       1.041630334168e+01       3.284535293766e-05 
       1.065893021501e+01       3.090978466258e-05 
       1.090720859423e+01       2.908661235158e-05 
       1.116127011982e+01       2.736951671352e-05 
       1.142124949856e+01       2.575257894417e-05 
       1.168728457497e+01       2.422911781855e-05 
       1.195951640436e+01       2.279460641850e-05 
       1.223808932764e+01       2.144397532525e-05 
       1.252315104788e+01       2.017199771236e-05 
       1.281485270857e+01       1.897426202087e-05 
       1.311334897379e+01       1.784645959946e-05 
       1.341879811021e+01       1.678457139834e-05 
       1.373136207101e+01       1.578491124951e-05 
       1.405120658174e+01       1.484370522340e-05 
       1.437850122818e+01       1.395762677657e-05 
       1.471341954630e+01       1.312337939179e-05 
       1.505613911421e+01       1.233810330562e-05 
       1.540684164638e+01       1.159888875374e-05 
       1.576571308992e+01       1.090307489370e-05 
       1.613294372322e+01       1.024821982375e-05 
       1.650872825683e+01       9.631808355050e-06 
       1.689326593668e+01       9.051623125929e-06 
       1.728676064974e+01       8.505553572491e-06 
       1.768942103212e+01       7.991658463124e-06 
       1.810146057967e+01       7.508066010489e-06 
       1.852309776122e+01       7.052955468697e-06 
       1.895455613439e+01       6.624609745992e-06 
       1.939606446411e+01       6.221495177368e-06 
       1.984785684395e+01       5.842313626457e-06 
       2.031017282021e+01       5.485430497281e-06 
       2.078325751893e+01       5.149637129382e-06 
       2.126736177589e+01       4.833662895084e-06 
       2.176274226957e+01       4.536361799447e-06 
       2.226966165726e+01       4.256642281055e-06 
       2.278838871434e+01       3.993482726702e-06 
       2.331919847675e+01       3.745854348284e-06 
       2.386237238686e+01       3.512878915034e-06 
       2.441819844267e+01       3.293722901766e-06 
       2.498697135051e+01       3.087528748354e-06 
       2.556899268129e+01       2.893519654545e-06 
       2.616457103045e+01       2.711007756918e-06 
       2.677402218149e+01       2.539299962106e-06 
       2.739766927349e+01       2.377790552789e-06 
       2.803584297238e+01       2.225859339538e-06 
       2.868888164632e+01       2.082901492184e-06 
       2.935713154505e+01       1.948427178301e-06 
       3.004094698352e+01       1.821954512950e-06 
       3.074069052971e+01       1.702982897941e-06 
       3.145673319693e+01       1.591042583420e-06 
       3.218945464046e+01       1.485783384914e-06 
       3.293924335892e+01       1.386746317396e-06 
       3.370649690021e+01       1.293640018892e-06 
       3.449162207232e+01       1.206048005470e-06 
       3.529503515900e+01       1.123674351974e-06 
       3.611716214051e+01       1.046210406955e-06 
       3.695843891945e+01       9.733529261782e-07 
       3.781931155191e+01       9.048714021635e-07 
       3.870023648395e+01       8.405429466520e-07 
       3.960168079364e+01       7.799970632081e-07 
       4.052412243867e+01       7.231086057163e-07 
       4.146805050982e+01       6.696512498577e-07 
       4.243396549024e+01       6.194437986464e-07 
       4.342237952085e+01       5.723174117055e-07 
       4.443381667184e+01       5.280402978114e-07 
       4.546881322058e+01       4.864883114119e-07 
       4.652791793594e+01       4.474854948762e-07 
       4.761169236926e+01       4.109223773810e-07 
       4.872071115209e+01       3.766320126194e-07 
       4.985556230087e+01       3.445053525658e-07 
       5.101684752870e+01       3.144891634098e-07 
       5.220518256437e+01       2.863623195210e-07 
       5.342119747886e+01       2.601057193475e-07 
       5.466553701937e+01       2.355450283676e-07 
       5.593886095118e+01       2.126479770517e-07 
       5.724184440751e+01       1.913258005429e-07 
       5.857517824743e+01       1.716264364798e-07 
       5.993956942219e+01       1.530952222910e-07 
       6.133574135006e+01       1.361173136956e-07 
       6.276443429986e+01       1.205402855011e-07 
       6.422640578351e+01       1.060409324510e-07 
       6.572243095764e+01       9.258134489007e-08 
       6.725330303461e+01       8.064105432469e-08 
       6.881983370305e+01       6.932109973584e-08 
       7.042285355826e+01       5.935385468560e-08 
       7.206321254258e+01       5.011371416288e-08 
       7.374178039606e+01       4.207786200575e-08 
       7.545944711760e+01       3.481442236657e-08 
       7.721712343682e+01       2.825298324510e-08 
       7.901574129697e+01       2.259405235963e-08 
       8.085625434906e+01       1.770300696171e-08 
       8.273963845747e+01       1.348383504483e-08 
       8.466689221737e+01       9.893316802852e-09 
       8.663903748422e+01       6.992375222562e-09 
       8.865711991556e+01       4.642679839327e-09 
       9.072220952538e+01       2.771431446866e-09 
       9.283540125155e+01       1.499584457266e-09 
       9.499781553628e+01       5.983675897033e-10 
       9.721059892026e+01       1.185485268688e-10 
       9.947492465051e+01       1.077354217232e-12 
       1.017919933025e+02       1.843615035388e-10 
       1.041630334168e+02       6.471216842618e-10 
       1.065893021501e+02       1.260272329729e-09 
       1.090720859423e+02       2.168715217577e-09 
       1.116127011982e+02       3.025476955246e-09 
       1.142124949856e+02       3.952160110351e-09 
       1.168728457497e+02       4.934781558446e-09 
       1.195951640436e+02       6.070572822193e-09 
       1.223808932764e+02       6.917959730106e-09 
       1.252315104788e+02       7.847138532570e-09 
       1.281485270857e+02       8.748906887163e-09 
       1.311334897379e+02       9.319845353761e-09 
       1.341879811021e+02       9.786103710601e-09 
       1.373136207101e+02       1.031896038089e-08 
       1.405120658174e+02       1.036369928893e-08 
       1.437850122818e+02       1.007917097219e-08 
       1.471341954630e+02       9.979637923540e-09 
       1.505613911421e+02       9.755343230451e-09 
       1.540684164638e+02       9.072760954158e-09 
       1.576571308992e+02       8.458434906721e-09 
       1.613294372322e+02       7.859936707434e-09 
       1.650872825683e+02       6.901207681892e-09 
       1.689326593668e+02       6.097654858831e-09 
       1.728676064974e+02       5.325544590246e-09 
       1.768942103212e+02       4.524588243298e-09 
       1.810146057967e+02       3.716419477245e-09 
       1.852309776122e+02       2.803062397051e-09 
       1.895455613439e+02       2.155588936056e-09 
       1.939606446411e+02       1.577129205546e-09 
       1.984785684395e+02       1.147672499876e-09 
       2.031017282021e+02       6.932435522721e-10 
