# Matter power spectrum P(k) at redshift z=99
# for k=1.00899e-05 to 203.102 h/Mpc,
# number of wavenumbers equal to 845
#    1:k (h/Mpc)              2:P (Mpc/h)^3        
       1.008985923385e-05       8.602943748911e-03 
       2.251775554930e-05       1.859262058309e-02 
       3.498636120606e-05       2.838295878403e-02 
       4.752690065129e-05       3.808678693878e-02 
       6.017107953816e-05       4.776629277700e-02 
       7.295134796828e-05       5.746683414565e-02 
       8.590117159567e-05       6.722636291526e-02 
       9.905531396721e-05       7.707925211522e-02 
       1.124501335013e-04       8.705822314292e-02 
       1.261238985365e-04       9.719548950596e-02 
       1.401171238971e-04       1.075235286605e-01 
       1.544729323969e-04       1.180756607378e-01 
       1.692374446017e-04       1.288865374707e-01 
       1.844601999509e-04       1.399925685969e-01 
       2.001946119308e-04       1.514323306020e-01 
       2.164984593225e-04       1.632469636723e-01 
       2.334344144963e-04       1.754805697127e-01 
       2.510706081659e-04       1.881806183447e-01 
       2.694812277618e-04       2.013983515893e-01 
       2.887471434300e-04       2.151892052750e-01 
       3.089565513521e-04       2.296132174105e-01 
       3.302056183397e-04       2.447354234218e-01 
       3.525991041884e-04       2.606262300570e-01 
       3.762509288441e-04       2.773617214951e-01 
       4.012846398935e-04       2.950238919544e-01 
       4.278337223492e-04       3.137007470249e-01 
       4.560416776520e-04       3.334862232729e-01 
       4.860617833901e-04       3.544798789763e-01 
       5.180564314341e-04       3.767862662407e-01 
       5.521959331310e-04       4.005139287850e-01 
       5.886566802046e-04       4.257739517826e-01 
       6.276185644258e-04       4.526779823104e-01 
       6.692615935926e-04       4.813357228134e-01 
       7.137617004578e-04       5.118518867169e-01 
       7.612858262925e-04       5.443226861623e-01 
       8.119864673565e-04       5.788320035236e-01 
       8.659959883789e-04       6.154474889264e-01 
       9.234211117495e-04       6.542168358054e-01 
       9.843380585498e-04       6.951646123104e-01 
       1.048788822721e-03       7.382899308736e-01 
       1.116778987109e-03       7.835652801168e-01 
       1.188277341859e-03       8.309366206859e-01 
       1.263217364320e-03       8.803250026649e-01 
       1.341500404014e-03       9.316375341522e-01 
       1.423000230117e-03       9.847473488892e-01 
       1.507568477514e-03       1.039518959457e+00 
       1.595040487398e-03       1.095806190024e+00 
       1.685241075052e-03       1.153456371171e+00 
       1.777989849946e-03       1.212314123612e+00 
       1.873105833493e-03       1.272224635616e+00 
       1.970411241375e-03       1.333036358568e+00 
       2.069734401352e-03       1.394602972327e+00 
       2.170911854437e-03       1.456784911425e+00 
       2.273789735608e-03       1.519450346483e+00 
       2.378224553543e-03       1.582475595100e+00 
       2.484083493407e-03       1.645745486523e+00 
       2.591244358870e-03       1.709153045701e+00 
       2.699595254824e-03       1.772599767701e+00 
       2.809034094888e-03       1.835994696058e+00 
       2.919468000394e-03       1.899254486274e+00 
       3.030812641761e-03       1.962302582673e+00 
       3.142991559685e-03       2.025069325890e+00 
       3.255935492585e-03       2.087490570072e+00 
       3.369581728141e-03       2.149508184216e+00 
       3.483873490193e-03       2.211069000788e+00 
       3.598759367421e-03       2.272125266359e+00 
       3.714192786759e-03       2.332632611685e+00 
       3.830131532053e-03       2.392551814021e+00 
       3.946537306880e-03       2.451846530087e+00 
       4.063375339396e-03       2.510485131712e+00 
       4.180614026477e-03       2.568437772395e+00 
       4.298224614140e-03       2.625679304405e+00 
       4.416180911106e-03       2.682186268699e+00 
       4.534459032436e-03       2.737937717497e+00 
       4.653037170281e-03       2.792916069403e+00 
       4.771895388998e-03       2.847104953271e+00 
       4.891015442065e-03       2.900491545323e+00 
       5.010380608463e-03       2.953063733981e+00 
       5.129975546421e-03       3.004810860975e+00 
       5.249786162607e-03       3.055725989289e+00 
       5.369799495068e-03       3.105801747084e+00 
       5.490003608392e-03       3.155034325901e+00 
       5.610387499743e-03       3.203419409087e+00 
       5.730941014549e-03       3.250954270465e+00 
       5.851654770797e-03       3.297638207212e+00 
       5.972520090970e-03       3.343471905902e+00 
       6.093528940795e-03       3.388455617401e+00 
       6.214673874059e-03       3.432591521293e+00 
       6.335947982840e-03       3.475882969635e+00 
       6.457344852562e-03       3.518332383472e+00 
       6.578858521367e-03       3.559945937134e+00 
       6.700483443346e-03       3.600728193920e+00 
       6.822214455222e-03       3.640683617722e+00 
       6.944046746129e-03       3.679819610916e+00 
       7.065975830168e-03       3.718143210497e+00 
       7.187997521452e-03       3.755659529924e+00 
       7.310107911398e-03       3.792379041727e+00 
       7.432303348035e-03       3.828308881656e+00 
       7.554580417124e-03       3.863456918262e+00 
       7.676935924931e-03       3.897829774623e+00 
       7.799366882465e-03       3.931438083724e+00 
       7.921870491067e-03       3.964290623635e+00 
       8.044444129208e-03       3.996395908307e+00 
       8.167085340379e-03       4.027763350257e+00 
       8.289791821990e-03       4.058401017526e+00 
       8.412561415158e-03       4.088319747325e+00 
       8.535392095331e-03       4.117527902527e+00 
       8.658281963652e-03       4.146034483898e+00 
       8.781229239010e-03       4.173847977965e+00 
       8.904232250708e-03       4.200980222071e+00 
       9.027289431704e-03       4.227437856723e+00 
       9.150399312368e-03       4.253230099892e+00 
       9.273560514714e-03       4.278366736733e+00 
       9.396771747065e-03       4.302856133093e+00 
       9.520031799123e-03       4.326706567950e+00 
       9.643339537395e-03       4.349927936068e+00 
       9.766693900965e-03       4.372526358703e+00 
       9.890093897566e-03       4.394512648335e+00 
       1.001353859994e-02       4.415894882685e+00 
       1.013702714247e-02       4.436678800587e+00 
       1.026055871802e-02       4.456873801113e+00 
       1.038413257505e-02       4.476487172426e+00 
       1.050774801489e-02       4.495529772303e+00 
       1.063140438921e-02       4.514002247066e+00 
       1.075510109773e-02       4.531919877235e+00 
       1.087883758598e-02       4.549284749013e+00 
       1.100261334330e-02       4.566103619262e+00 
       1.112642790095e-02       4.582385182154e+00 
       1.125028083038e-02       4.598136755262e+00 
       1.137417174154e-02       4.613363779083e+00 
       1.149810028141e-02       4.628074620127e+00 
       1.162206613256e-02       4.642272320161e+00 
       1.174606901183e-02       4.655966693845e+00 
       1.187010866910e-02       4.669162456966e+00 
       1.199418488617e-02       4.681866444114e+00 
       1.211829747567e-02       4.694083114162e+00 
       1.224244628010e-02       4.705820757143e+00 
       1.236663117090e-02       4.717083659977e+00 
       1.249085204757e-02       4.727877548566e+00 
       1.261510883696e-02       4.738209536005e+00 
       1.273940149246e-02       4.748082512472e+00 
       1.286372999336e-02       4.757506096127e+00 
       1.298809434421e-02       4.766483300317e+00 
       1.311249457428e-02       4.775018655871e+00 
       1.323693073698e-02       4.783120815638e+00 
       1.336140290942e-02       4.790789474870e+00 
       1.348591119193e-02       4.798036897750e+00 
       1.361045570765e-02       4.804864469831e+00 
       1.373503660222e-02       4.811278075388e+00 
       1.385965404336e-02       4.817283564839e+00 
       1.398430822064e-02       4.822884992831e+00 
       1.410899934517e-02       4.828088335275e+00 
       1.423372764937e-02       4.832897368717e+00 
       1.435849338678e-02       4.837320221728e+00 
       1.448329683185e-02       4.841357967336e+00 
       1.460813827981e-02       4.845017145149e+00 
       1.473301804651e-02       4.848305287574e+00 
       1.485793646835e-02       4.851222624682e+00 
       1.498289390217e-02       4.853777253490e+00 
       1.510789072521e-02       4.855975340852e+00 
       1.523292733507e-02       4.857817753696e+00 
       1.535800414968e-02       4.859310560537e+00 
       1.548312160735e-02       4.860462264336e+00 
       1.560828016672e-02       4.861274970415e+00 
       1.573348030688e-02       4.861748720959e+00 
       1.585872252741e-02       4.861893694264e+00 
       1.598400734844e-02       4.861714894671e+00 
       1.610933531079e-02       4.861212977132e+00 
       1.623470697605e-02       4.860398363667e+00 
       1.636012292677e-02       4.859273119662e+00 
       1.648558376655e-02       4.857837455878e+00 
       1.661109012028e-02       4.856101191176e+00 
       1.673664263428e-02       4.854065702115e+00 
       1.686224197652e-02       4.851739046416e+00 
       1.698788883685e-02       4.849123543151e+00 
       1.711358392725e-02       4.846220793909e+00 
       1.723932798205e-02       4.843038658978e+00 
       1.736512175823e-02       4.839577870295e+00 
       1.749096603570e-02       4.835849068148e+00 
       1.761686161762e-02       4.831849832648e+00 
       1.774280933070e-02       4.827592125075e+00 
       1.786881002554e-02       4.823067878282e+00 
       1.799486457700e-02       4.818294108515e+00 
       1.812097388457e-02       4.813268005545e+00 
       1.824713887274e-02       4.807991621042e+00 
       1.837336049141e-02       4.802474459924e+00 
       1.849963971633e-02       4.796719361601e+00 
       1.862597754953e-02       4.790724476301e+00 
       1.875237501977e-02       4.784500716417e+00 
       1.887883318301e-02       4.778048265182e+00 
       1.900535312294e-02       4.771375829137e+00 
       1.913193595143e-02       4.764479291553e+00 
       1.925858280911e-02       4.757369447990e+00 
       1.938529486592e-02       4.750048674472e+00 
       1.951207332163e-02       4.742510060236e+00 
       1.963891940648e-02       4.734769239625e+00 
       1.976583438176e-02       4.726835390316e+00 
       1.989281954046e-02       4.718691932896e+00 
       2.001987620788e-02       4.710358112177e+00 
       2.014700574237e-02       4.701836816682e+00 
       2.027420953594e-02       4.693123220884e+00 
       2.040148901504e-02       4.684226894099e+00 
       2.052884564128e-02       4.675149025765e+00 
       2.065628091220e-02       4.665895668343e+00 
       2.078379636203e-02       4.656469542652e+00 
       2.091139356253e-02       4.646863240894e+00 
       2.103907412384e-02       4.637098402271e+00 
       2.116683969530e-02       4.627172353065e+00 
       2.129469196640e-02       4.617077990227e+00 
       2.142263266765e-02       4.606818526640e+00 
       2.155066357157e-02       4.596419386571e+00 
       2.167878649364e-02       4.585867693716e+00 
       2.180700329333e-02       4.575157937937e+00 
       2.193531587513e-02       4.564309580493e+00 
       2.206372618964e-02       4.553314245456e+00 
       2.219223623466e-02       4.542182065637e+00 
       2.232084805636e-02       4.530918629146e+00 
       2.244956375042e-02       4.519512870762e+00 
       2.257838546331e-02       4.507981336964e+00 
       2.270731539347e-02       4.496326160214e+00 
       2.283635579267e-02       4.484542146409e+00 
       2.296550896730e-02       4.472626715397e+00 
       2.309477727980e-02       4.460612499427e+00 
       2.322416315002e-02       4.448473078598e+00 
       2.335366905675e-02       4.436221113201e+00 
       2.348329753921e-02       4.423854349612e+00 
       2.361305119861e-02       4.411381581699e+00 
       2.374293269977e-02       4.398803258895e+00 
       2.387294477280e-02       4.386128694916e+00 
       2.400309021484e-02       4.373345227113e+00 
       2.413337189178e-02       4.360474613238e+00 
       2.426379274017e-02       4.347505608074e+00 
       2.439435576908e-02       4.334436960330e+00 
       2.452506406208e-02       4.321285354452e+00 
       2.465592077927e-02       4.308044612296e+00 
       2.478692915937e-02       4.294728827949e+00 
       2.491809252189e-02       4.281316628184e+00 
       2.504941426942e-02       4.267824375730e+00 
       2.518089788986e-02       4.254265714076e+00 
       2.531254695892e-02       4.240628127271e+00 
       2.544436514254e-02       4.226918157163e+00 
       2.557635619949e-02       4.213128209308e+00 
       2.570852398403e-02       4.199290191951e+00 
       2.584087244865e-02       4.185373931709e+00 
       2.597340564696e-02       4.171383024206e+00 
       2.610612773662e-02       4.157350124197e+00 
       2.623904298241e-02       4.143242619178e+00 
       2.637215575941e-02       4.129082545228e+00 
       2.650547055630e-02       4.114873146430e+00 
       2.663899197875e-02       4.100595830595e+00 
       2.677272475300e-02       4.086279341983e+00 
       2.690667372948e-02       4.071914774423e+00 
       2.704084388668e-02       4.057490433115e+00 
       2.717524033506e-02       4.043028461841e+00 
       2.730986832117e-02       4.028529085984e+00 
       2.744473323193e-02       4.013981661673e+00 
       2.757984059904e-02       3.999389730823e+00 
       2.771519610360e-02       3.984757731713e+00 
       2.785080558089e-02       3.970104216302e+00 
       2.798667502534e-02       3.955394170300e+00 
       2.812281059571e-02       3.940669990254e+00 
       2.825921862046e-02       3.925897012673e+00 
       2.839590560337e-02       3.911112328600e+00 
       2.853287822937e-02       3.896289438399e+00 
       2.867014337060e-02       3.881442215020e+00 
       2.880770809274e-02       3.866561863648e+00 
       2.894557966159e-02       3.851672408076e+00 
       2.908376554997e-02       3.836751210507e+00 
       2.922227344485e-02       3.821809824776e+00 
       2.936111125486e-02       3.806850000237e+00 
       2.950028711803e-02       3.791875530653e+00 
       2.963980940998e-02       3.776876908744e+00 
       2.977968675242e-02       3.761863227171e+00 
       2.991992802197e-02       3.746839891689e+00 
       3.006054235952e-02       3.731807256384e+00 
       3.020153917986e-02       3.716756510199e+00 
       3.034292818185e-02       3.701699475106e+00 
       3.048471935906e-02       3.686627878514e+00 
       3.062692301082e-02       3.671546953496e+00 
       3.076954975391e-02       3.656479354878e+00 
       3.091261053472e-02       3.641392019498e+00 
       3.105611664203e-02       3.626289773513e+00 
       3.120007972039e-02       3.611206833760e+00 
       3.134451178417e-02       3.596094997132e+00 
       3.148942523232e-02       3.580998595038e+00 
       3.163483286384e-02       3.565900433846e+00 
       3.178074789403e-02       3.550805689796e+00 
       3.192718397158e-02       3.535698055934e+00 
       3.207415519655e-02       3.520601799698e+00 
       3.222167613928e-02       3.505509113016e+00 
       3.236976186026e-02       3.490411874950e+00 
       3.251842793110e-02       3.475344312826e+00 
       3.266769045662e-02       3.460236895073e+00 
       3.281756609808e-02       3.445180795084e+00 
       3.296807209781e-02       3.430104548136e+00 
       3.311922630503e-02       3.415045657809e+00 
       3.327104720329e-02       3.399979941685e+00 
       3.342355393934e-02       3.384938436461e+00 
       3.357676635374e-02       3.369884613162e+00 
       3.373070501315e-02       3.354864405388e+00 
       3.388539124463e-02       3.339846356010e+00 
       3.404084717188e-02       3.324834887667e+00 
       3.419709575366e-02       3.309838947923e+00 
       3.435416082463e-02       3.294850554158e+00 
       3.451206713858e-02       3.279876620476e+00 
       3.467084041444e-02       3.264905752866e+00 
       3.483050738512e-02       3.249937920867e+00 
       3.499109584951e-02       3.234998122801e+00 
       3.515263472782e-02       3.220069029291e+00 
       3.531515412053e-02       3.205143940820e+00 
       3.547868537122e-02       3.190235260083e+00 
       3.564326113364e-02       3.175341816968e+00 
       3.580891544335e-02       3.160453143822e+00 
       3.597568379423e-02       3.145579370900e+00 
       3.614360322038e-02       3.130724770437e+00 
       3.631271238380e-02       3.115868399138e+00 
       3.648305166828e-02       3.101024504458e+00 
       3.665466328025e-02       3.086206470476e+00 
       3.682759135694e-02       3.071397456496e+00 
       3.700188208264e-02       3.056593002761e+00 
       3.717758381384e-02       3.041802897669e+00 
       3.735474721393e-02       3.027016807720e+00 
       3.753342539844e-02       3.012234108334e+00 
       3.771367409180e-02       2.997472062186e+00 
       3.789555179669e-02       2.982721144248e+00 
       3.807911997726e-02       2.967971981444e+00 
       3.826444325751e-02       2.953232389982e+00 
       3.845158963647e-02       2.938494046255e+00 
       3.864063072175e-02       2.923772830682e+00 
       3.883164198345e-02       2.909049121706e+00 
       3.902470303062e-02       2.894326104183e+00 
       3.921989791253e-02       2.879608493185e+00 
       3.941731544758e-02       2.864890363665e+00 
       3.961704958289e-02       2.850172130419e+00 
       3.981919978798e-02       2.835457829165e+00 
       4.002387148648e-02       2.820740758964e+00 
       4.023117653032e-02       2.806019653663e+00 
       4.044123372141e-02       2.791289509322e+00 
       4.065416938658e-02       2.776555131316e+00 
       4.087011801240e-02       2.761813634033e+00 
       4.108922294733e-02       2.747060872021e+00 
       4.131163717982e-02       2.732288028764e+00 
       4.153752420241e-02       2.717506940674e+00 
       4.176705897322e-02       2.702713360075e+00 
       4.200042898802e-02       2.687894458566e+00 
       4.223783547839e-02       2.673055832526e+00 
       4.247949475379e-02       2.658187495967e+00 
       4.272563970839e-02       2.643297083388e+00 
       4.297652151713e-02       2.628374059456e+00 
       4.323241154967e-02       2.613406228233e+00 
       4.349360353592e-02       2.598413226257e+00 
       4.376041602319e-02       2.583368854557e+00 
       4.403319517213e-02       2.568281028970e+00 
       4.431231794788e-02       2.553142438608e+00 
       4.459819577357e-02       2.537942874487e+00 
       4.489127872701e-02       2.522683808071e+00 
       4.519206037738e-02       2.507348842162e+00 
       4.550108337953e-02       2.491972026334e+00 
       4.581894596815e-02       2.476469188722e+00 
       4.614630952536e-02       2.460883129677e+00 
       4.648390743429e-02       2.445198197348e+00 
       4.683255547970e-02       2.429416696926e+00 
       4.719316411816e-02       2.413512348097e+00 
       4.756675301773e-02       2.397467278442e+00 
       4.795446836503e-02       2.381297915086e+00 
       4.835760356241e-02       2.364978289265e+00 
       4.877762409663e-02       2.348464020394e+00 
       4.921619756285e-02       2.331740021565e+00 
       4.967523008562e-02       2.314800701996e+00 
       5.015691070604e-02       2.297605558157e+00 
       5.066376571717e-02       2.280131678781e+00 
       5.119872544391e-02       2.262323193788e+00 
       5.176520658853e-02       2.244161857453e+00 
       5.236721399178e-02       2.225575535228e+00 
       5.300946644312e-02       2.206491690602e+00 
       5.369755187007e-02       2.186823859633e+00 
       5.443811751592e-02       2.166467593085e+00 
       5.523909986870e-02       2.145278377846e+00 
       5.610999570581e-02       2.123066478277e+00 
       5.706216694303e-02       2.099579503773e+00 
       5.810915312358e-02       2.074500650981e+00 
       5.926692834861e-02       2.047375535197e+00 
       6.055397337690e-02       2.017592807103e+00 
       6.199093019779e-02       1.984355549582e+00 
       6.359947941573e-02       1.946608590543e+00 
       6.540001143586e-02       1.903059053340e+00 
       6.740785584535e-02       1.852251378866e+00 
       6.962856954584e-02       1.792832924306e+00 
       7.205402576627e-02       1.723961557934e+00 
       7.466181558845e-02       1.645817880978e+00 
       7.741925945704e-02       1.559906291452e+00 
       8.029037151845e-02       1.468988906623e+00 
       8.324228136121e-02       1.376611432309e+00 
       8.624873568324e-02       1.286482038818e+00 
       8.929066763551e-02       1.201897359621e+00 
       9.235510012400e-02       1.125363664541e+00 
       9.543357075755e-02       1.058429832931e+00 
       9.852071039889e-02       1.001692068593e+00 
       1.016131705669e-01       9.548790576429e-01 
       1.047088850236e-01       9.170515804288e-01 
       1.078065869652e-01       8.867503150155e-01 
       1.109055026927e-01       8.621953007596e-01 
       1.140051606950e-01       8.414564640531e-01 
       1.171052739291e-01       8.226229645585e-01 
       1.202056676986e-01       8.039736148346e-01 
       1.233062356398e-01       7.841127022190e-01 
       1.264069129232e-01       7.620864947725e-01 
       1.295076599588e-01       7.374410985236e-01 
       1.326084524970e-01       7.102114606312e-01 
       1.357092756157e-01       6.808621478330e-01 
       1.388101200703e-01       6.501713510177e-01 
       1.419109800763e-01       6.190965630267e-01 
       1.450118519627e-01       5.886359092436e-01 
       1.481127333536e-01       5.597040958784e-01 
       1.512136226708e-01       5.330568735367e-01 
       1.543145188302e-01       5.092129036232e-01 
       1.574154210577e-01       4.884281751945e-01 
       1.605163287752e-01       4.707364929639e-01 
       1.636172415321e-01       4.559407579034e-01 
       1.667181589622e-01       4.436735968426e-01 
       1.698190807569e-01       4.334136051348e-01 
       1.729200066488e-01       4.246122068348e-01 
       1.760209364009e-01       4.166886089205e-01 
       1.791218697997e-01       4.091551997895e-01 
       1.822228066506e-01       4.014234972524e-01 
       1.853237467746e-01       3.930931223546e-01 
       1.884246900064e-01       3.839190915639e-01 
       1.915256361923e-01       3.738185906511e-01 
       1.946265851889e-01       3.628635468954e-01 
       1.977275368625e-01       3.512522309585e-01 
       2.008284910877e-01       3.392724388954e-01 
       2.039294477471e-01       3.272405042782e-01 
       2.070304067303e-01       3.154675599571e-01 
       2.101313679336e-01       3.042214053541e-01 
       2.132323312595e-01       2.937186304753e-01 
       2.163332966159e-01       2.841079806714e-01 
       2.194342639162e-01       2.754733811992e-01 
       2.225352330786e-01       2.678338774246e-01 
       2.256362040257e-01       2.611422768593e-01 
       2.287371766844e-01       2.552962636497e-01 
       2.318381509857e-01       2.501419587140e-01 
       2.349391268640e-01       2.454983697654e-01 
       2.380401042573e-01       2.411700433171e-01 
       2.411410831068e-01       2.369742589998e-01 
       2.442420633567e-01       2.327574082956e-01 
       2.473430449540e-01       2.284018042181e-01 
       2.504440278483e-01       2.238349071301e-01 
       2.535450119918e-01       2.190247806529e-01 
       2.566459973389e-01       2.139783338938e-01 
       2.597469838462e-01       2.087369458293e-01 
       2.628479714724e-01       2.033708173775e-01 
       2.659489601782e-01       1.979704499234e-01 
       2.690499499260e-01       1.926366552490e-01 
       2.721509406800e-01       1.874681480322e-01 
       2.752519324060e-01       1.825500052616e-01 
       2.783529250714e-01       1.779435398659e-01 
       2.814539186449e-01       1.736816339728e-01 
       2.845549130966e-01       1.697735300216e-01 
       2.876559083981e-01       1.662005852218e-01 
       2.907569045219e-01       1.629295959723e-01 
       2.938579014420e-01       1.599114039831e-01 
       2.969588991332e-01       1.570952201537e-01 
       3.000598975715e-01       1.544240393784e-01 
       3.031608967339e-01       1.518414960160e-01 
       3.062618965982e-01       1.492957463097e-01 
       3.093628971433e-01       1.467422907084e-01 
       3.124638983487e-01       1.441497830586e-01 
       3.155649001950e-01       1.415019135786e-01 
       3.186659026633e-01       1.387977201889e-01 
       3.217669057355e-01       1.360513091962e-01 
       3.248679093943e-01       1.332834575877e-01 
       3.279689136230e-01       1.305219093827e-01 
       3.310699184054e-01       1.277943865574e-01 
       3.341709237261e-01       1.251271689768e-01 
       3.372719295702e-01       1.225442120567e-01 
       3.403729359232e-01       1.200655675856e-01 
       3.434739427715e-01       1.177047785306e-01 
       3.465749501015e-01       1.154716669371e-01 
       3.496759579004e-01       1.133666874429e-01 
       3.527769661558e-01       1.113831871850e-01 
       3.558779748558e-01       1.095066414879e-01 
       3.589789839887e-01       1.077191360899e-01 
       3.620799935433e-01       1.059991075557e-01 
       3.651810035090e-01       1.043280193171e-01 
       3.682820138752e-01       1.026894364031e-01 
       3.713830246319e-01       1.010707821874e-01 
       3.744840357693e-01       9.946283372419e-02 
       3.775850472781e-01       9.785974024181e-02 
       3.806860591491e-01       9.625820671701e-02 
       3.837870713735e-01       9.465787101327e-02 
       3.868880839427e-01       9.306216589351e-02 
       3.899890968486e-01       9.147681696259e-02 
       3.930901100830e-01       8.991025776779e-02 
       3.961911236384e-01       8.837174017823e-02 
       3.992921375071e-01       8.686943342502e-02 
       4.023931516818e-01       8.540981681669e-02 
       4.054941661557e-01       8.399653992349e-02 
       4.085951809217e-01       8.263120373573e-02 
       4.116961959733e-01       8.131348840412e-02 
       4.147972113040e-01       8.004209491478e-02 
       4.178982269077e-01       7.881550411424e-02 
       4.209992427782e-01       7.763079325655e-02 
       4.241002589097e-01       7.648434173750e-02 
       4.272012752965e-01       7.537091502620e-02 
       4.303022919330e-01       7.428472671647e-02 
       4.334033088139e-01       7.321971959176e-02 
       4.365043259339e-01       7.217079238414e-02 
       4.396053432879e-01       7.113429024792e-02 
       4.427063608711e-01       7.010844605649e-02 
       4.458073786786e-01       6.909272632229e-02 
       4.489083967058e-01       6.808766435731e-02 
       4.520094149481e-01       6.709396702283e-02 
       4.551104334010e-01       6.611260593035e-02 
       4.582114520605e-01       6.514484834237e-02 
       4.613124709221e-01       6.419245042341e-02 
       4.644134899819e-01       6.325781591836e-02 
       4.675145092360e-01       6.234353742750e-02 
       4.706155286804e-01       6.145197821525e-02 
       4.737165483114e-01       6.058464789654e-02 
       4.768175681254e-01       5.974170240492e-02 
       4.799185881188e-01       5.892211374082e-02 
       4.830196082881e-01       5.812405509970e-02 
       4.861206286300e-01       5.734545106152e-02 
       4.892216491411e-01       5.658440206968e-02 
       4.923226698183e-01       5.583923895488e-02 
       4.954236906585e-01       5.510863796527e-02 
       4.985247116585e-01       5.439106163885e-02 
       5.016257328155e-01       5.368504594813e-02 
       5.047267541264e-01       5.298900353795e-02 
       5.078277755885e-01       5.230172748076e-02 
       5.109287971991e-01       5.162265202666e-02 
       5.140298189553e-01       5.095185066309e-02 
       5.171308408547e-01       5.029034014393e-02 
       5.202318628946e-01       4.963912792154e-02 
       5.233328850725e-01       4.899904822483e-02 
       5.264339073859e-01       4.837067397492e-02 
       5.295349298326e-01       4.775401769131e-02 
       5.326359524101e-01       4.714891418740e-02 
       5.357369751162e-01       4.655538972902e-02 
       5.388379979486e-01       4.597320264515e-02 
       5.419390209052e-01       4.540279616077e-02 
       5.450400439839e-01       4.484413446781e-02 
       5.481410671825e-01       4.429703702387e-02 
       5.512420904991e-01       4.376093480179e-02 
       5.543431139316e-01       4.323488066573e-02 
       5.574441374781e-01       4.271777546064e-02 
       5.605451611368e-01       4.220901957672e-02 
       5.636461849057e-01       4.170804542727e-02 
       5.667472087831e-01       4.121490786054e-02 
       5.698482327671e-01       4.072938146399e-02 
       5.729492568561e-01       4.025140123840e-02 
       5.760502810483e-01       3.978067574514e-02 
       5.791513053420e-01       3.931675057704e-02 
       5.822523297358e-01       3.885923805445e-02 
       5.853533542278e-01       3.840805929933e-02 
       5.884543788167e-01       3.796340191497e-02 
       5.915554035008e-01       3.752567555250e-02 
       5.946564282787e-01       3.709524904397e-02 
       5.977574531490e-01       3.667234456224e-02 
       6.008584781101e-01       3.625686342382e-02 
       6.039595031606e-01       3.584842976288e-02 
       6.070605282993e-01       3.544671270931e-02 
       6.101615535247e-01       3.505143224998e-02 
       6.132625788356e-01       3.466248169532e-02 
       6.163636042306e-01       3.427995175479e-02 
       6.194646297084e-01       3.390383941749e-02 
       6.225656552679e-01       3.353392914298e-02 
       6.256666809078e-01       3.316991588220e-02 
       6.287677066270e-01       3.281129227075e-02 
       6.318687324242e-01       3.245763271950e-02 
       6.349697582983e-01       3.210872564513e-02 
       6.380707842481e-01       3.176455589397e-02 
       6.411718102727e-01       3.142529789239e-02 
       6.442728363709e-01       3.109105721999e-02 
       6.473738625416e-01       3.076187976330e-02 
       6.504748887838e-01       3.043756233218e-02 
       6.535759150964e-01       3.011790177232e-02 
       6.566769414786e-01       2.980264354085e-02 
       6.597779679293e-01       2.949170189015e-02 
       6.628789944474e-01       2.918514833071e-02 
       6.659800210322e-01       2.888318916901e-02 
       6.690810476827e-01       2.858588569972e-02 
       6.721820743978e-01       2.829332383512e-02 
       6.752831011769e-01       2.800519990464e-02 
       6.783841280189e-01       2.772125122446e-02 
       6.814851549230e-01       2.744121798532e-02 
       6.845861818884e-01       2.716497156441e-02 
       6.876872089143e-01       2.689250382105e-02 
       6.907882359997e-01       2.662389612027e-02 
       6.938892631440e-01       2.635918066187e-02 
       6.969902903463e-01       2.609833715719e-02 
       7.000913176059e-01       2.584121326857e-02 
       7.031923449220e-01       2.558740261752e-02 
       7.062933722939e-01       2.533670375198e-02 
       7.093943997207e-01       2.508922833566e-02 
       7.124954272019e-01       2.484493731946e-02 
       7.155964547367e-01       2.460399039678e-02 
       7.186974823243e-01       2.436646366935e-02 
       7.217985099642e-01       2.413232741417e-02 
       7.248995376556e-01       2.390140823602e-02 
       7.280005653980e-01       2.367349458584e-02 
       7.464455758911e-01       2.237781204934e-02 
       7.651667369904e-01       2.116257783170e-02 
       7.841776807609e-01       2.002072156695e-02 
       8.034934157474e-01       1.894640531093e-02 
       8.231301148749e-01       1.793497131186e-02 
       8.431049009566e-01       1.698150135248e-02 
       8.634356369493e-01       1.608214887218e-02 
       8.841407269858e-01       1.523334038643e-02 
       9.052389330669e-01       1.443140423059e-02 
       9.267492111720e-01       1.367303352544e-02 
       9.486905694695e-01       1.295549948114e-02 
       9.710819503027e-01       1.227608470170e-02 
       9.939421366890e-01       1.163255130434e-02 
       1.017289683224e+00       1.102278930993e-02 
       1.041142870509e+00       1.044477620001e-02 
       1.065519681575e+00       9.896741843597e-03 
       1.090437798200e+00       9.377040599494e-03 
       1.115914614608e+00       8.884141242540e-03 
       1.141967265759e+00       8.416650141775e-03 
       1.168612667242e+00       7.973161564439e-03 
       1.195867563839e+00       7.552436495968e-03 
       1.223748583886e+00       7.153307743081e-03 
       1.252272296823e+00       6.774539932621e-03 
       1.281455271632e+00       6.415289804141e-03 
       1.311314134255e+00       6.074573487329e-03 
       1.341865622465e+00       5.751445462702e-03 
       1.373126637132e+00       5.444947992688e-03 
       1.405114289159e+00       5.154316546572e-03 
       1.437845941780e+00       4.878809422793e-03 
       1.471339248146e+00       4.617512179337e-03 
       1.505612184415e+00       4.369809596979e-03 
       1.540683078698e+00       4.135076446393e-03 
       1.576570636332e+00       3.912503111012e-03 
       1.613293962009e+00       3.701657227103e-03 
       1.650872579296e+00       3.501805974212e-03 
       1.689326448072e+00       3.312491810545e-03 
       1.728675980336e+00       3.133105891734e-03 
       1.768942054827e+00       2.963178769798e-03 
       1.810146030777e+00       2.802263048111e-03 
       1.852309761107e+00       2.649824487909e-03 
       1.895455605294e+00       2.505487007666e-03 
       1.939606442072e+00       2.368791640783e-03 
       1.984785682127e+00       2.239379338174e-03 
       2.031017280857e+00       2.116869430029e-03 
       2.078325751307e+00       2.000894962367e-03 
       2.126736177300e+00       1.891128293313e-03 
       2.176274226817e+00       1.787219301180e-03 
       2.226966165660e+00       1.688906088521e-03 
       2.278838871403e+00       1.595877672916e-03 
       2.331919847661e+00       1.507838911513e-03 
       2.386237238680e+00       1.424556373992e-03 
       2.441819844264e+00       1.345789232377e-03 
       2.498697135050e+00       1.271263962010e-03 
       2.556899268129e+00       1.200776859828e-03 
       2.616457103044e+00       1.134125449717e-03 
       2.677402218149e+00       1.071083396260e-03 
       2.739766927348e+00       1.011483773605e-03 
       2.803584297238e+00       9.551216391114e-04 
       2.868888164632e+00       9.018422705753e-04 
       2.935713154505e+00       8.514763137961e-04 
       3.004094698352e+00       8.038641052520e-04 
       3.074069052971e+00       7.588624084291e-04 
       3.145673319693e+00       7.163307227178e-04 
       3.218945464046e+00       6.761383107126e-04 
       3.293924335892e+00       6.381580706515e-04 
       3.370649690021e+00       6.022714409243e-04 
       3.449162207232e+00       5.683670458493e-04 
       3.529503515900e+00       5.363344681577e-04 
       3.611716214051e+00       5.060737670042e-04 
       3.695843891945e+00       4.774909602644e-04 
       3.781931155191e+00       4.504931908600e-04 
       3.870023648395e+00       4.249970977276e-04 
       3.960168079364e+00       4.009168429098e-04 
       4.052412243867e+00       3.781779088177e-04 
       4.146805050982e+00       3.567110845283e-04 
       4.243396549024e+00       3.364373314357e-04 
       4.342237952085e+00       3.173000880741e-04 
       4.443381667184e+00       2.992301656928e-04 
       4.546881322058e+00       2.821750365369e-04 
       4.652791793594e+00       2.660779241606e-04 
       4.761169236926e+00       2.508803726044e-04 
       4.872071115209e+00       2.365415746046e-04 
       4.985556230087e+00       2.230067001642e-04 
       5.101684752870e+00       2.102339493433e-04 
       5.220518256437e+00       1.981824479652e-04 
       5.342119747886e+00       1.868097178512e-04 
       5.466553701937e+00       1.760837674472e-04 
       5.593886095118e+00       1.659616027195e-04 
       5.724184440751e+00       1.564127990662e-04 
       5.857517824743e+00       1.474063664672e-04 
       5.993956942219e+00       1.389108397621e-04 
       6.133574135006e+00       1.308978171964e-04 
       6.276443429986e+00       1.233407621720e-04 
       6.422640578351e+00       1.162133493851e-04 
       6.572243095764e+00       1.094920749685e-04 
       6.725330303461e+00       1.031543190070e-04 
       6.881983370305e+00       9.717878219943e-05 
       7.042285355826e+00       9.154387431413e-05 
       7.206321254258e+00       8.623170482818e-05 
       7.374178039606e+00       8.122346061917e-05 
       7.545944711760e+00       7.650248259348e-05 
       7.721712343682e+00       7.205182730000e-05 
       7.901574129697e+00       6.785675260555e-05 
       8.085625434906e+00       6.390277018737e-05 
       8.273963845747e+00       6.017607420173e-05 
       8.466689221737e+00       5.666392536723e-05 
       8.663903748422e+00       5.335421611111e-05 
       8.865711991556e+00       5.023526038123e-05 
       9.072220952538e+00       4.729633844234e-05 
       9.283540125155e+00       4.452682170424e-05 
       9.499781553628e+00       4.191737064330e-05 
       9.721059892026e+00       3.945889875957e-05 
       9.947492465052e+00       3.714296147958e-05 
       1.017919933025e+01       3.496096625130e-05 
       1.041630334168e+01       3.290549933903e-05 
       1.065893021501e+01       3.096930971953e-05 
       1.090720859423e+01       2.914555200337e-05 
       1.116127011982e+01       2.742754537731e-05 
       1.142124949856e+01       2.580979388482e-05 
       1.168728457497e+01       2.428593234121e-05 
       1.195951640436e+01       2.285087229893e-05 
       1.223808932764e+01       2.149937668176e-05 
       1.252315104788e+01       2.022667368518e-05 
       1.281485270857e+01       1.902851844006e-05 
       1.311334897379e+01       1.789981383444e-05 
       1.341879811021e+01       1.683738558248e-05 
       1.373136207101e+01       1.583710597913e-05 
       1.405120658174e+01       1.489525069773e-05 
       1.437850122818e+01       1.400852162639e-05 
       1.471341954630e+01       1.317371809648e-05 
       1.505613911421e+01       1.238786540814e-05 
       1.540684164638e+01       1.164804427940e-05 
       1.576571308992e+01       1.095170606305e-05 
       1.613294372322e+01       1.029624075047e-05 
       1.650872825683e+01       9.679265696146e-06 
       1.689326593668e+01       9.098526326154e-06 
       1.728676064974e+01       8.551993692527e-06 
       1.768942103212e+01       8.037583577203e-06 
       1.810146057967e+01       7.553452953748e-06 
       1.852309776122e+01       7.097867600562e-06 
       1.895455613439e+01       6.669016298961e-06 
       1.939606446411e+01       6.265607135517e-06 
       1.984785684395e+01       5.885863203403e-06 
       2.031017282021e+01       5.528448476446e-06 
       2.078325751893e+01       5.192383822676e-06 
       2.126736177589e+01       4.875924609119e-06 
       2.176274226957e+01       4.578285690882e-06 
       2.226966165726e+01       4.298198829388e-06 
       2.278838871434e+01       4.034654351536e-06 
       2.331919847675e+01       3.786731064466e-06 
       2.386237238686e+01       3.553456985829e-06 
       2.441819844267e+01       3.334015906387e-06 
       2.498697135051e+01       3.127485391244e-06 
       2.556899268129e+01       2.933265278627e-06 
       2.616457103045e+01       2.750486891298e-06 
       2.677402218149e+01       2.578576236274e-06 
       2.739766927349e+01       2.416801258236e-06 
       2.803584297238e+01       2.264711922037e-06 
       2.868888164632e+01       2.121580498760e-06 
       2.935713154505e+01       1.986943741432e-06 
       3.004094698352e+01       1.860346490686e-06 
       3.074069052971e+01       1.741232901418e-06 
       3.145673319693e+01       1.629184327481e-06 
       3.218945464046e+01       1.523810328902e-06 
       3.293924335892e+01       1.424710217076e-06 
       3.370649690021e+01       1.331487894549e-06 
       3.449162207232e+01       1.243843459562e-06 
       3.529503515900e+01       1.161398101393e-06 
       3.611716214051e+01       1.083890988601e-06 
       3.695843891945e+01       1.011007060225e-06 
       3.781931155191e+01       9.424808377592e-07 
       3.870023648395e+01       8.780583566254e-07 
       3.960168079364e+01       8.174966039164e-07 
       4.052412243867e+01       7.605719464392e-07 
       4.146805050982e+01       7.070851473985e-07 
       4.243396549024e+01       6.568155186554e-07 
       4.342237952085e+01       6.095865508170e-07 
       4.443381667184e+01       5.652359641521e-07 
       4.546881322058e+01       5.235860156694e-07 
       4.652791793594e+01       4.844792642325e-07 
       4.761169236926e+01       4.477741608665e-07 
       4.872071115209e+01       4.133330025552e-07 
       4.985556230087e+01       3.810365667972e-07 
       5.101684752870e+01       3.507537145365e-07 
       5.220518256437e+01       3.223837685826e-07 
       5.342119747886e+01       2.958100625574e-07 
       5.466553701937e+01       2.709378083511e-07 
       5.593886095118e+01       2.476774436697e-07 
       5.724184440751e+01       2.259407295383e-07 
       5.857517824743e+01       2.056380039069e-07 
       5.993956942219e+01       1.867025858046e-07 
       6.133574135006e+01       1.690596984364e-07 
       6.276443429986e+01       1.526406404723e-07 
       6.422640578351e+01       1.373805102862e-07 
       6.572243095764e+01       1.232247208998e-07 
       6.725330303461e+01       1.101084461048e-07 
       6.881983370305e+01       9.798272487872e-08 
       7.042285355826e+01       8.680082607934e-08 
       7.206321254258e+01       7.650809414014e-08 
       7.374178039606e+01       6.706481786047e-08 
       7.545944711760e+01       5.842546091355e-08 
       7.721712343682e+01       5.055197834234e-08 
       7.901574129697e+01       4.340303352302e-08 
       8.085625434906e+01       3.694190705430e-08 
       8.273963845747e+01       3.113007327098e-08 
       8.466689221737e+01       2.593631866828e-08 
       8.663903748422e+01       2.132426402808e-08 
       8.865711991556e+01       1.726221014630e-08 
       9.072220952538e+01       1.372086237628e-08 
       9.283540125155e+01       1.066110030659e-08 
       9.499781553628e+01       8.057699460113e-09 
       9.721059892026e+01       5.880859662532e-09 
       9.947492465051e+01       4.097135235947e-09 
       1.017919933025e+02       2.677469988950e-09 
       1.041630334168e+02       1.592301061905e-09 
       1.065893021501e+02       8.129176265084e-10 
       1.090720859423e+02       3.082098220264e-10 
       1.116127011982e+02       4.992031111718e-11 
       1.142124949856e+02       8.719475087138e-12 
       1.168728457497e+02       1.560158801818e-10 
       1.195951640436e+02       4.635754840862e-10 
       1.223808932764e+02       9.029931083323e-10 
       1.252315104788e+02       1.447753443297e-09 
       1.281485270857e+02       2.070937577840e-09 
       1.311334897379e+02       2.747510362432e-09 
       1.341879811021e+02       3.454049241614e-09 
       1.373136207101e+02       4.167517291075e-09 
       1.405120658174e+02       4.864425562482e-09 
       1.437850122818e+02       5.527364104576e-09 
       1.471341954630e+02       6.130250539268e-09 
       1.505613911421e+02       6.683594848075e-09 
       1.540684164638e+02       7.143677597414e-09 
       1.576571308992e+02       7.507590854180e-09 
       1.613294372322e+02       7.788344960288e-09 
       1.650872825683e+02       7.951584748124e-09 
       1.689326593668e+02       7.996855101233e-09 
       1.728676064974e+02       7.966693675918e-09 
       1.768942103212e+02       7.817992005190e-09 
       1.810146057967e+02       7.554025858850e-09 
       1.852309776122e+02       7.195574359094e-09 
       1.895455613439e+02       6.795064942317e-09 
       1.939606446411e+02       6.332209580375e-09 
       1.984785684395e+02       5.769316215933e-09 
       2.031017282021e+02       5.194868366401e-09 
