# Matter power spectrum P(k) at redshift z=99
# for k=1.00899e-05 to 203.102 h/Mpc,
# number of wavenumbers equal to 845
#    1:k (h/Mpc)              2:P (Mpc/h)^3        
       1.008985923385e-05       8.603096149270e-03 
       2.251775554930e-05       1.859294994966e-02 
       3.498636120606e-05       2.838346158554e-02 
       4.752690065129e-05       3.808746164271e-02 
       6.017107953816e-05       4.776713895249e-02 
       7.295134796828e-05       5.746785216534e-02 
       8.590117159567e-05       6.722755382411e-02 
       9.905531396721e-05       7.708061756709e-02 
       1.124501335013e-04       8.705976537135e-02 
       1.261238985365e-04       9.719721131513e-02 
       1.401171238971e-04       1.075254334299e-01 
       1.544729323969e-04       1.180777524373e-01 
       1.692374446017e-04       1.288888206839e-01 
       1.844601999509e-04       1.399950485524e-01 
       2.001946119308e-04       1.514350132118e-01 
       2.164984593225e-04       1.632498555773e-01 
       2.334344144963e-04       1.754836783348e-01 
       2.510706081659e-04       1.881839519471e-01 
       2.694812277618e-04       2.014019193426e-01 
       2.887471434300e-04       2.151930173319e-01 
       3.089565513521e-04       2.296172849874e-01 
       3.302056183397e-04       2.447397588873e-01 
       3.525991041884e-04       2.606308470266e-01 
       3.762509288441e-04       2.773666349324e-01 
       4.012846398935e-04       2.950291182754e-01 
       4.278337223492e-04       3.137063042046e-01 
       4.560416776520e-04       3.334921309505e-01 
       4.860617833901e-04       3.544861585545e-01 
       5.180564314341e-04       3.767929409744e-01 
       5.521959331310e-04       4.005210238520e-01 
       5.886566802046e-04       4.257814943284e-01 
       6.276185644258e-04       4.526860014586e-01 
       6.692615935926e-04       4.813442496306e-01 
       7.137617004578e-04       5.118609541250e-01 
       7.612858262925e-04       5.443323287874e-01 
       8.119864673565e-04       5.788422574779e-01 
       8.659959883789e-04       6.154583915203e-01 
       9.234211117495e-04       6.542284251944e-01 
       9.843380585498e-04       6.951769270849e-01 
       1.048788822721e-03       7.383030096086e-01 
       1.116778987109e-03       7.835791608999e-01 
       1.188277341859e-03       8.309513406471e-01 
       1.263217364320e-03       8.803405975358e-01 
       1.341500404014e-03       9.316540380185e-01 
       1.423000230117e-03       9.847647935895e-01 
       1.507568477514e-03       1.039537374429e+00 
       1.595040487398e-03       1.095825602117e+00 
       1.685241075052e-03       1.153476804530e+00 
       1.777989849946e-03       1.212335599627e+00 
       1.873105833493e-03       1.272247172937e+00 
       1.970411241375e-03       1.333059973160e+00 
       2.069734401352e-03       1.394627677561e+00 
       2.170911854437e-03       1.456810718202e+00 
       2.273789735608e-03       1.519477263367e+00 
       2.378224553543e-03       1.582503628464e+00 
       2.484083493407e-03       1.645774640700e+00 
       2.591244358870e-03       1.709183323129e+00 
       2.699595254824e-03       1.772631169074e+00 
       2.809034094888e-03       1.836027220457e+00 
       2.919468000394e-03       1.899288131305e+00 
       3.030812641761e-03       1.962337344584e+00 
       3.142991559685e-03       2.025105199696e+00 
       3.255935492585e-03       2.087527549653e+00 
       3.369581728141e-03       2.149546262419e+00 
       3.483873490193e-03       2.211108169521e+00 
       3.598759367421e-03       2.272165516681e+00 
       3.714192786759e-03       2.332673933873e+00 
       3.830131532053e-03       2.392594197655e+00 
       3.946537306880e-03       2.451889964100e+00 
       4.063375339396e-03       2.510529604484e+00 
       4.180614026477e-03       2.568483271771e+00 
       4.298224614140e-03       2.625725817793e+00 
       4.416180911106e-03       2.682233783074e+00 
       4.534459032436e-03       2.737986219477e+00 
       4.653037170281e-03       2.792965545293e+00 
       4.771895388998e-03       2.847155389084e+00 
       4.891015442065e-03       2.900542926845e+00 
       5.010380608463e-03       2.953116046783e+00 
       5.129975546421e-03       3.004864090441e+00 
       5.249786162607e-03       3.055780120677e+00 
       5.369799495068e-03       3.105856765534e+00 
       5.490003608392e-03       3.155090216455e+00 
       5.610387499743e-03       3.203476156741e+00 
       5.730941014549e-03       3.251011860155e+00 
       5.851654770797e-03       3.297696623862e+00 
       5.972520090970e-03       3.343531133967e+00 
       6.093528940795e-03       3.388515642785e+00 
       6.214673874059e-03       3.432652328494e+00 
       6.335947982840e-03       3.475944543693e+00 
       6.457344852562e-03       3.518394709468e+00 
       6.578858521367e-03       3.560009000259e+00 
       6.700483443346e-03       3.600791979446e+00 
       6.822214455222e-03       3.640748111040e+00 
       6.944046746129e-03       3.679884797428e+00 
       7.065975830168e-03       3.718209075869e+00 
       7.187997521452e-03       3.755726059815e+00 
       7.310107911398e-03       3.792446222039e+00 
       7.432303348035e-03       3.828376698398e+00 
       7.554580417124e-03       3.863525357630e+00 
       7.676935924931e-03       3.897898822789e+00 
       7.799366882465e-03       3.931507727190e+00 
       7.921870491067e-03       3.964360849010e+00 
       8.044444129208e-03       3.996466702352e+00 
       8.167085340379e-03       4.027834699744e+00 
       8.289791821990e-03       4.058472909849e+00 
       8.412561415158e-03       4.088392169463e+00 
       8.535392095331e-03       4.117600842108e+00 
       8.658281963652e-03       4.146107928387e+00 
       8.781229239010e-03       4.173921915083e+00 
       8.904232250708e-03       4.201054639748e+00 
       9.027289431704e-03       4.227512743005e+00 
       9.150399312368e-03       4.253305443212e+00 
       9.273560514714e-03       4.278442525004e+00 
       9.396771747065e-03       4.302932355128e+00 
       9.520031799123e-03       4.326783212401e+00 
       9.643339537395e-03       4.350004991687e+00 
       9.766693900965e-03       4.372603814649e+00 
       9.890093897566e-03       4.394590493659e+00 
       1.001353859994e-02       4.415973106106e+00 
       1.013702714247e-02       4.436757392681e+00 
       1.026055871802e-02       4.456952750854e+00 
       1.038413257505e-02       4.476566469503e+00 
       1.050774801489e-02       4.495609406609e+00 
       1.063140438921e-02       4.514082208500e+00 
       1.075510109773e-02       4.532000155962e+00 
       1.087883758598e-02       4.549365335055e+00 
       1.100261334330e-02       4.566184502889e+00 
       1.112642790095e-02       4.582466354523e+00 
       1.125028083038e-02       4.598218206539e+00 
       1.137417174154e-02       4.613445503602e+00 
       1.149810028141e-02       4.628156599917e+00 
       1.162206613256e-02       4.642354652817e+00 
       1.174606901183e-02       4.656049169060e+00 
       1.187010866910e-02       4.669245165807e+00 
       1.199418488617e-02       4.681949377878e+00 
       1.211829747567e-02       4.694165729653e+00 
       1.224244628010e-02       4.705904114989e+00 
       1.236663117090e-02       4.717167217190e+00 
       1.249085204757e-02       4.727961945480e+00 
       1.261510883696e-02       4.738293467226e+00 
       1.273940149246e-02       4.748166618409e+00 
       1.286372999336e-02       4.757590734296e+00 
       1.298809434421e-02       4.766567731978e+00 
       1.311249457428e-02       4.775102928594e+00 
       1.323693073698e-02       4.783205541701e+00 
       1.336140290942e-02       4.790874336952e+00 
       1.348591119193e-02       4.798121887711e+00 
       1.361045570765e-02       4.804949580642e+00 
       1.373503660222e-02       4.811363299654e+00 
       1.385965404336e-02       4.817369367167e+00 
       1.398430822064e-02       4.822970422415e+00 
       1.410899934517e-02       4.828174393909e+00 
       1.423372764937e-02       4.832982975247e+00 
       1.435849338678e-02       4.837405906460e+00 
       1.448329683185e-02       4.841443723404e+00 
       1.460813827981e-02       4.845102965877e+00 
       1.473301804651e-02       4.848391166367e+00 
       1.485793646835e-02       4.851310022728e+00 
       1.498289390217e-02       4.853863228863e+00 
       1.510789072521e-02       4.856061354985e+00 
       1.523292733507e-02       4.857903800285e+00 
       1.535800414968e-02       4.859396633388e+00 
       1.548312160735e-02       4.860548357405e+00 
       1.560828016672e-02       4.861361077690e+00 
       1.573348030688e-02       4.861834836443e+00 
       1.585872252741e-02       4.861979812125e+00 
       1.598400734844e-02       4.861801009172e+00 
       1.610933531079e-02       4.861299082553e+00 
       1.623470697605e-02       4.860484454459e+00 
       1.636012292677e-02       4.859358818459e+00 
       1.648558376655e-02       4.857921707199e+00 
       1.661109012028e-02       4.856187205248e+00 
       1.673664263428e-02       4.854151679928e+00 
       1.686224197652e-02       4.851824982808e+00 
       1.698788883685e-02       4.849209433003e+00 
       1.711358392725e-02       4.846305524716e+00 
       1.723932798205e-02       4.843124440626e+00 
       1.736512175823e-02       4.839665404000e+00 
       1.749096603570e-02       4.835934722012e+00 
       1.761686161762e-02       4.831933857073e+00 
       1.774280933070e-02       4.827677632241e+00 
       1.786881002554e-02       4.823153305078e+00 
       1.799486457700e-02       4.818379450540e+00 
       1.812097388457e-02       4.813353258309e+00 
       1.824713887274e-02       4.808076780116e+00 
       1.837336049141e-02       4.802559521041e+00 
       1.849963971633e-02       4.796804320544e+00 
       1.862597754953e-02       4.790809328822e+00 
       1.875237501977e-02       4.784585458458e+00 
       1.887883318301e-02       4.778132892689e+00 
       1.900535312294e-02       4.771460338219e+00 
       1.913193595143e-02       4.764563967662e+00 
       1.925858280911e-02       4.757453708487e+00 
       1.938529486592e-02       4.750126695041e+00 
       1.951207332163e-02       4.742594057035e+00 
       1.963891940648e-02       4.734853267424e+00 
       1.976583438176e-02       4.726919108967e+00 
       1.989281954046e-02       4.718775507046e+00 
       2.001987620788e-02       4.710441538464e+00 
       2.014700574237e-02       4.701920091773e+00 
       2.027420953594e-02       4.693206341369e+00 
       2.040148901504e-02       4.684310506425e+00 
       2.052884564128e-02       4.675231827355e+00 
       2.065628091220e-02       4.665978305766e+00 
       2.078379636203e-02       4.656552012852e+00 
       2.091139356253e-02       4.646953663719e+00 
       2.103907412384e-02       4.637180528813e+00 
       2.116683969530e-02       4.627254303504e+00 
       2.129469196640e-02       4.617156277088e+00 
       2.142263266765e-02       4.606900116012e+00 
       2.155066357157e-02       4.596500791476e+00 
       2.167878649364e-02       4.585948911443e+00 
       2.180700329333e-02       4.575238965687e+00 
       2.193531587513e-02       4.564390415812e+00 
       2.206372618964e-02       4.553394885726e+00 
       2.219223623466e-02       4.542262508467e+00 
       2.232084805636e-02       4.530998872168e+00 
       2.244956375042e-02       4.519597066709e+00 
       2.257838546331e-02       4.508061173128e+00 
       2.270731539347e-02       4.496405789645e+00 
       2.283635579267e-02       4.484621566843e+00 
       2.296550896730e-02       4.472705924461e+00 
       2.309477727980e-02       4.460691495398e+00 
       2.322416315002e-02       4.448551859252e+00 
       2.335366905675e-02       4.436299676542e+00 
       2.348329753921e-02       4.423935067776e+00 
       2.361305119861e-02       4.411459704469e+00 
       2.374293269977e-02       4.398881158576e+00 
       2.387294477280e-02       4.386206369792e+00 
       2.400309021484e-02       4.373429427325e+00 
       2.413337189178e-02       4.360551833135e+00 
       2.426379274017e-02       4.347582597922e+00 
       2.439435576908e-02       4.334517725776e+00 
       2.452506406208e-02       4.321363894352e+00 
       2.465592077927e-02       4.308120902268e+00 
       2.478692915937e-02       4.294804881734e+00 
       2.491809252189e-02       4.281392444106e+00 
       2.504941426942e-02       4.267906142094e+00 
       2.518089788986e-02       4.254341050241e+00 
       2.531254695892e-02       4.240703221544e+00 
       2.544436514254e-02       4.226995402465e+00 
       2.557635619949e-02       4.213202816162e+00 
       2.570852398403e-02       4.199364553083e+00 
       2.584087244865e-02       4.185448046030e+00 
       2.597340564696e-02       4.171459380743e+00 
       2.610612773662e-02       4.157419807055e+00 
       2.623904298241e-02       4.143318279886e+00 
       2.637215575941e-02       4.129157148172e+00 
       2.650547055630e-02       4.114942543696e+00 
       2.663899197875e-02       4.100668441353e+00 
       2.677272475300e-02       4.086353545089e+00 
       2.690667372948e-02       4.071985529356e+00 
       2.704084388668e-02       4.057559187913e+00 
       2.717524033506e-02       4.043098578860e+00 
       2.730986832117e-02       4.028600419841e+00 
       2.744473323193e-02       4.014040929387e+00 
       2.757984059904e-02       3.999452198838e+00 
       2.771519610360e-02       3.984828288262e+00 
       2.785080558089e-02       3.970174511846e+00 
       2.798667502534e-02       3.955462388963e+00 
       2.812281059571e-02       3.940739764693e+00 
       2.825921862046e-02       3.925966525065e+00 
       2.839590560337e-02       3.911178478920e+00 
       2.853287822937e-02       3.896358425932e+00 
       2.867014337060e-02       3.881510935533e+00 
       2.880770809274e-02       3.866633354336e+00 
       2.894557966159e-02       3.851740603974e+00 
       2.908376554997e-02       3.836819142121e+00 
       2.922227344485e-02       3.821877489769e+00 
       2.936111125486e-02       3.806917400874e+00 
       2.950028711803e-02       3.791942666358e+00 
       2.963980940998e-02       3.776943779224e+00 
       2.977968675242e-02       3.761929830333e+00 
       2.991992802197e-02       3.746906230172e+00 
       3.006054235952e-02       3.731873326448e+00 
       3.020153917986e-02       3.716822303350e+00 
       3.034292818185e-02       3.701765011198e+00 
       3.048471935906e-02       3.686693639822e+00 
       3.062692301082e-02       3.671612070202e+00 
       3.076954975391e-02       3.656543083855e+00 
       3.091261053472e-02       3.641458033671e+00 
       3.105611664203e-02       3.626353988735e+00 
       3.120007972039e-02       3.611270838953e+00 
       3.134451178417e-02       3.596161164281e+00 
       3.148942523232e-02       3.581061989124e+00 
       3.163483286384e-02       3.565963562524e+00 
       3.178074789403e-02       3.550868549455e+00 
       3.192718397158e-02       3.535760923167e+00 
       3.207415519655e-02       3.520664398654e+00 
       3.222167613928e-02       3.505571600755e+00 
       3.236976186026e-02       3.490473463513e+00 
       3.251842793110e-02       3.475402554584e+00 
       3.266769045662e-02       3.460298183175e+00 
       3.281756609808e-02       3.445241610331e+00 
       3.296807209781e-02       3.430165254036e+00 
       3.311922630503e-02       3.415090855335e+00 
       3.327104720329e-02       3.400049137820e+00 
       3.342355393934e-02       3.384998422573e+00 
       3.357676635374e-02       3.369944087573e+00 
       3.373070501315e-02       3.354925295117e+00 
       3.388539124463e-02       3.339905539879e+00 
       3.404084717188e-02       3.324893738759e+00 
       3.419709575366e-02       3.309890121355e+00 
       3.435416082463e-02       3.294908865821e+00 
       3.451206713858e-02       3.279916071310e+00 
       3.467084041444e-02       3.264963536238e+00 
       3.483050738512e-02       3.249989571677e+00 
       3.499109584951e-02       3.235055441375e+00 
       3.515263472782e-02       3.220124849942e+00 
       3.531515412053e-02       3.205200668959e+00 
       3.547868537122e-02       3.190291723710e+00 
       3.564326113364e-02       3.175394190809e+00 
       3.580891544335e-02       3.160509083793e+00 
       3.597568379423e-02       3.145631323465e+00 
       3.614360322038e-02       3.130780217836e+00 
       3.631271238380e-02       3.115923543901e+00 
       3.648305166828e-02       3.101087816077e+00 
       3.665466328025e-02       3.086261088422e+00 
       3.682759135694e-02       3.071453940273e+00 
       3.700188208264e-02       3.056647120589e+00 
       3.717758381384e-02       3.041856695063e+00 
       3.735474721393e-02       3.027074245361e+00 
       3.753342539844e-02       3.012287414549e+00 
       3.771367409180e-02       2.997522539114e+00 
       3.789555179669e-02       2.982773928570e+00 
       3.807911997726e-02       2.968019221191e+00 
       3.826444325751e-02       2.953284648547e+00 
       3.845158963647e-02       2.938546043502e+00 
       3.864063072175e-02       2.923824566686e+00 
       3.883164198345e-02       2.909100592536e+00 
       3.902470303062e-02       2.894377317396e+00 
       3.921989791253e-02       2.879659445164e+00 
       3.941731544758e-02       2.864941054528e+00 
       3.961704958289e-02       2.850222561457e+00 
       3.981919978798e-02       2.835515205730e+00 
       4.002387148648e-02       2.820794098613e+00 
       4.023117653032e-02       2.806069299004e+00 
       4.044123372141e-02       2.791338578565e+00 
       4.065416938658e-02       2.776604254445e+00 
       4.087011801240e-02       2.761860658854e+00 
       4.108922294733e-02       2.747109487267e+00 
       4.131163717982e-02       2.732336365446e+00 
       4.153752420241e-02       2.717555010927e+00 
       4.176705897322e-02       2.702761170691e+00 
       4.200042898802e-02       2.687936784973e+00 
       4.223783547839e-02       2.673103117644e+00 
       4.247949475379e-02       2.658238054048e+00 
       4.272563970839e-02       2.643343840664e+00 
       4.297652151713e-02       2.628420551009e+00 
       4.323241154967e-02       2.613457637526e+00 
       4.349360353592e-02       2.598459235914e+00 
       4.376041602319e-02       2.583416980562e+00 
       4.403319517213e-02       2.568326457952e+00 
       4.431231794788e-02       2.553187593805e+00 
       4.459819577357e-02       2.537989528761e+00 
       4.489127872701e-02       2.522728422603e+00 
       4.519206037738e-02       2.507393180646e+00 
       4.550108337953e-02       2.491992422762e+00 
       4.581894596815e-02       2.476512986451e+00 
       4.614630952536e-02       2.460932515018e+00 
       4.648390743429e-02       2.445241435215e+00 
       4.683255547970e-02       2.429459839860e+00 
       4.719316411816e-02       2.413547155314e+00 
       4.756675301773e-02       2.397509686180e+00 
       4.795446836503e-02       2.381343479818e+00 
       4.835760356241e-02       2.365020218922e+00 
       4.877762409663e-02       2.348506858244e+00 
       4.921619756285e-02       2.331791569002e+00 
       4.967523008562e-02       2.314835244376e+00 
       5.015691070604e-02       2.297645928876e+00 
       5.066376571717e-02       2.280172126065e+00 
       5.119872544391e-02       2.262363322328e+00 
       5.176520658853e-02       2.244201664291e+00 
       5.236721399178e-02       2.225615011778e+00 
       5.300946644312e-02       2.206530827430e+00 
       5.369755187007e-02       2.186862594276e+00 
       5.443811751592e-02       2.166507318547e+00 
       5.523909986870e-02       2.145316425099e+00 
       5.610999570581e-02       2.123104129229e+00 
       5.706216694303e-02       2.099616736398e+00 
       5.810915312358e-02       2.074537433308e+00 
       5.926692834861e-02       2.047411837665e+00 
       6.055397337690e-02       2.017626622575e+00 
       6.199093019779e-02       1.984388776322e+00 
       6.359947941573e-02       1.946642035771e+00 
       6.540001143586e-02       1.903092777055e+00 
       6.740785584535e-02       1.852284410532e+00 
       6.962856954584e-02       1.792864291647e+00 
       7.205402576627e-02       1.723991275825e+00 
       7.466181558845e-02       1.645846081011e+00 
       7.741925945704e-02       1.559932944753e+00 
       8.029037151845e-02       1.469014027995e+00 
       8.324228136121e-02       1.376635696773e+00 
       8.624873568324e-02       1.286504317511e+00 
       8.929066763551e-02       1.201918406077e+00 
       9.235510012400e-02       1.125383358981e+00 
       9.543357075755e-02       1.058448330674e+00 
       9.852071039889e-02       1.001709457271e+00 
       1.016131705669e-01       9.548956350885e-01 
       1.047088850236e-01       9.170671006458e-01 
       1.078065869652e-01       8.867652933304e-01 
       1.109055026927e-01       8.622101326344e-01 
       1.140051606950e-01       8.414702569662e-01 
       1.171052739291e-01       8.226371552300e-01 
       1.202056676986e-01       8.039875409511e-01 
       1.233062356398e-01       7.841260247252e-01 
       1.264069129232e-01       7.621002797706e-01 
       1.295076599588e-01       7.374530883608e-01 
       1.326084524970e-01       7.102255194545e-01 
       1.357092756157e-01       6.808754888802e-01 
       1.388101200703e-01       6.501846983396e-01 
       1.419109800763e-01       6.191086423483e-01 
       1.450118519627e-01       5.886471144263e-01 
       1.481127333536e-01       5.597145914031e-01 
       1.512136226708e-01       5.330666397696e-01 
       1.543145188302e-01       5.092215111947e-01 
       1.574154210577e-01       4.884362978511e-01 
       1.605163287752e-01       4.707443332189e-01 
       1.636172415321e-01       4.559483058721e-01 
       1.667181589622e-01       4.436815230045e-01 
       1.698190807569e-01       4.334240680839e-01 
       1.729200066488e-01       4.246218284230e-01 
       1.760209364009e-01       4.166964750044e-01 
       1.791218697997e-01       4.091675327170e-01 
       1.822228066506e-01       4.014341612917e-01 
       1.853237467746e-01       3.931041621927e-01 
       1.884246900064e-01       3.839309874752e-01 
       1.915256361923e-01       3.738305763971e-01 
       1.946265851889e-01       3.628747460108e-01 
       1.977275368625e-01       3.512628899069e-01 
       2.008284910877e-01       3.392790528269e-01 
       2.039294477471e-01       3.272453800497e-01 
       2.070304067303e-01       3.154721159032e-01 
       2.101313679336e-01       3.042252065174e-01 
       2.132323312595e-01       2.937223652101e-01 
       2.163332966159e-01       2.841113728345e-01 
       2.194342639162e-01       2.754773436582e-01 
       2.225352330786e-01       2.678415709930e-01 
       2.256362040257e-01       2.611465263597e-01 
       2.287371766844e-01       2.552998481670e-01 
       2.318381509857e-01       2.501452166658e-01 
       2.349391268640e-01       2.455019969970e-01 
       2.380401042573e-01       2.411731338116e-01 
       2.411410831068e-01       2.369775756167e-01 
       2.442420633567e-01       2.327629197174e-01 
       2.473430449540e-01       2.284078324171e-01 
       2.504440278483e-01       2.238408549156e-01 
       2.535450119918e-01       2.190305371773e-01 
       2.566459973389e-01       2.139833313924e-01 
       2.597469838462e-01       2.087408653458e-01 
       2.628479714724e-01       2.033734739753e-01 
       2.659489601782e-01       1.979731492911e-01 
       2.690499499260e-01       1.926390662740e-01 
       2.721509406800e-01       1.874704379274e-01 
       2.752519324060e-01       1.825521951269e-01 
       2.783529250714e-01       1.779457465299e-01 
       2.814539186449e-01       1.736833493518e-01 
       2.845549130966e-01       1.697747863278e-01 
       2.876559083981e-01       1.662018843647e-01 
       2.907569045219e-01       1.629312969997e-01 
       2.938579014420e-01       1.599131498188e-01 
       2.969588991332e-01       1.570967650398e-01 
       3.000598975715e-01       1.544252570215e-01 
       3.031608967339e-01       1.518430697185e-01 
       3.062618965982e-01       1.492972653830e-01 
       3.093628971433e-01       1.467439355571e-01 
       3.124638983487e-01       1.441515949517e-01 
       3.155649001950e-01       1.415036228098e-01 
       3.186659026633e-01       1.387996298585e-01 
       3.217669057355e-01       1.360526008046e-01 
       3.248679093943e-01       1.332846957763e-01 
       3.279689136230e-01       1.305231100719e-01 
       3.310699184054e-01       1.277955218178e-01 
       3.341709237261e-01       1.251283134840e-01 
       3.372719295702e-01       1.225451597525e-01 
       3.403729359232e-01       1.200659834614e-01 
       3.434739427715e-01       1.177055563001e-01 
       3.465749501015e-01       1.154723712087e-01 
       3.496759579004e-01       1.133673787937e-01 
       3.527769661558e-01       1.113837581514e-01 
       3.558779748558e-01       1.095072855450e-01 
       3.589789839887e-01       1.077195274006e-01 
       3.620799935433e-01       1.059992397130e-01 
       3.651810035090e-01       1.043283345222e-01 
       3.682820138752e-01       1.026899034806e-01 
       3.713830246319e-01       1.010711894926e-01 
       3.744840357693e-01       9.946319867805e-02 
       3.775850472781e-01       9.786009052066e-02 
       3.806860591491e-01       9.625845290693e-02 
       3.837870713735e-01       9.465815551190e-02 
       3.868880839427e-01       9.306232768348e-02 
       3.899890968486e-01       9.147699487572e-02 
       3.930901100830e-01       8.991044274007e-02 
       3.961911236384e-01       8.837186383055e-02 
       3.992921375071e-01       8.686929311863e-02 
       4.023931516818e-01       8.540979444939e-02 
       4.054941661557e-01       8.399638220658e-02 
       4.085951809217e-01       8.263120275979e-02 
       4.116961959733e-01       8.131322755847e-02 
       4.147972113040e-01       8.004182918629e-02 
       4.178982269077e-01       7.881537324519e-02 
       4.209992427782e-01       7.763078041431e-02 
       4.241002589097e-01       7.648417301111e-02 
       4.272012752965e-01       7.537081099694e-02 
       4.303022919330e-01       7.428429972516e-02 
       4.334033088139e-01       7.321951119994e-02 
       4.365043259339e-01       7.217059488214e-02 
       4.396053432879e-01       7.113408305625e-02 
       4.427063608711e-01       7.010812363744e-02 
       4.458073786786e-01       6.909242248756e-02 
       4.489083967058e-01       6.808728560382e-02 
       4.520094149481e-01       6.709356021672e-02 
       4.551104334010e-01       6.611213789025e-02 
       4.582114520605e-01       6.514436880571e-02 
       4.613124709221e-01       6.419184269889e-02 
       4.644134899819e-01       6.325723720603e-02 
       4.675145092360e-01       6.234294789772e-02 
       4.706155286804e-01       6.145134514690e-02 
       4.737165483114e-01       6.058392291660e-02 
       4.768175681254e-01       5.974095966099e-02 
       4.799185881188e-01       5.892140541617e-02 
       4.830196082881e-01       5.812336153604e-02 
       4.861206286300e-01       5.734474695562e-02 
       4.892216491411e-01       5.658363544681e-02 
       4.923226698183e-01       5.583847413906e-02 
       4.954236906585e-01       5.510783113315e-02 
       4.985247116585e-01       5.439022683416e-02 
       5.016257328155e-01       5.368416749894e-02 
       5.047267541264e-01       5.298810843763e-02 
       5.078277755885e-01       5.230086524425e-02 
       5.109287971991e-01       5.162153926932e-02 
       5.140298189553e-01       5.095105582109e-02 
       5.171308408547e-01       5.028950855424e-02 
       5.202318628946e-01       4.963836192307e-02 
       5.233328850725e-01       4.899818301764e-02 
       5.264339073859e-01       4.836989372832e-02 
       5.295349298326e-01       4.775319411527e-02 
       5.326359524101e-01       4.714806608286e-02 
       5.357369751162e-01       4.655436853044e-02 
       5.388379979486e-01       4.597214636133e-02 
       5.419390209052e-01       4.540167856882e-02 
       5.450400439839e-01       4.484303054983e-02 
       5.481410671825e-01       4.429591087285e-02 
       5.512420904991e-01       4.375972877496e-02 
       5.543431139316e-01       4.323369494063e-02 
       5.574441374781e-01       4.271661849204e-02 
       5.605451611368e-01       4.220780124328e-02 
       5.636461849057e-01       4.170681824176e-02 
       5.667472087831e-01       4.121348419855e-02 
       5.698482327671e-01       4.072804074776e-02 
       5.729492568561e-01       4.024992658610e-02 
       5.760502810483e-01       3.977930948649e-02 
       5.791513053420e-01       3.931535936269e-02 
       5.822523297358e-01       3.885779855359e-02 
       5.853533542278e-01       3.840665100356e-02 
       5.884543788167e-01       3.796194475438e-02 
       5.915554035008e-01       3.752423149650e-02 
       5.946564282787e-01       3.709377700830e-02 
       5.977574531490e-01       3.667082859708e-02 
       6.008584781101e-01       3.625536108961e-02 
       6.039595031606e-01       3.584691947208e-02 
       6.070605282993e-01       3.544515889387e-02 
       6.101615535247e-01       3.504985511680e-02 
       6.132625788356e-01       3.466089906380e-02 
       6.163636042306e-01       3.427837681929e-02 
       6.194646297084e-01       3.390221796123e-02 
       6.225656552679e-01       3.353230801340e-02 
       6.256666809078e-01       3.316822874751e-02 
       6.287677066270e-01       3.280966834736e-02 
       6.318687324242e-01       3.245598276587e-02 
       6.349697582983e-01       3.210705184602e-02 
       6.380707842481e-01       3.176287649338e-02 
       6.411718102727e-01       3.142363208616e-02 
       6.442728363709e-01       3.108940904555e-02 
       6.473738625416e-01       3.076015032124e-02 
       6.504748887838e-01       3.043582084516e-02 
       6.535759150964e-01       3.011614651982e-02 
       6.566769414786e-01       2.980083378510e-02 
       6.597779679293e-01       2.948987628271e-02 
       6.628789944474e-01       2.918330248305e-02 
       6.659800210322e-01       2.888133141780e-02 
       6.690810476827e-01       2.858407277422e-02 
       6.721820743978e-01       2.829147875007e-02 
       6.752831011769e-01       2.800333193247e-02 
       6.783841280189e-01       2.771935445744e-02 
       6.814851549230e-01       2.743932761208e-02 
       6.845861818884e-01       2.716302758246e-02 
       6.876872089143e-01       2.689053420388e-02 
       6.907882359997e-01       2.662191287006e-02 
       6.938892631440e-01       2.635720385903e-02 
       6.969902903463e-01       2.609629532599e-02 
       7.000913176059e-01       2.583914639426e-02 
       7.031923449220e-01       2.558533191530e-02 
       7.062933722939e-01       2.533469911539e-02 
       7.093943997207e-01       2.508717315679e-02 
       7.124954272019e-01       2.484288435660e-02 
       7.155964547367e-01       2.460190626676e-02 
       7.186974823243e-01       2.436434334660e-02 
       7.217985099642e-01       2.413021643091e-02 
       7.248995376556e-01       2.389930303590e-02 
       7.280005653980e-01       2.367135766147e-02 
       7.464455758911e-01       2.237563684760e-02 
       7.651667369904e-01       2.116033427572e-02 
       7.841776807609e-01       2.001842209238e-02 
       8.034934157474e-01       1.894401959579e-02 
       8.231301148749e-01       1.793237844263e-02 
       8.431049009566e-01       1.697889742344e-02 
       8.634356369493e-01       1.607946287856e-02 
       8.841407269858e-01       1.523057967975e-02 
       9.052389330669e-01       1.442854362393e-02 
       9.267492111720e-01       1.367010104760e-02 
       9.486905694695e-01       1.295242007753e-02 
       9.710819503027e-01       1.227296970620e-02 
       9.939421366890e-01       1.162935888084e-02 
       1.017289683224e+00       1.101947050463e-02 
       1.041142870509e+00       1.044136328582e-02 
       1.065519681575e+00       9.893227515467e-03 
       1.090437798200e+00       9.373424660793e-03 
       1.115914614608e+00       8.880419681437e-03 
       1.141967265759e+00       8.412819548116e-03 
       1.168612667242e+00       7.969227391512e-03 
       1.195867563839e+00       7.548381181486e-03 
       1.223748583886e+00       7.149069006792e-03 
       1.252272296823e+00       6.770267769726e-03 
       1.281455271632e+00       6.410859501639e-03 
       1.311314134255e+00       6.070071757011e-03 
       1.341865622465e+00       5.746831520659e-03 
       1.373126637132e+00       5.440196623560e-03 
       1.405114289159e+00       5.149439446643e-03 
       1.437845941780e+00       4.873793204869e-03 
       1.471339248146e+00       4.612377220396e-03 
       1.505612184415e+00       4.364525721001e-03 
       1.540683078698e+00       4.129638009252e-03 
       1.576570636332e+00       3.906949569050e-03 
       1.613293962009e+00       3.695932818129e-03 
       1.650872579296e+00       3.495952186387e-03 
       1.689326448072e+00       3.306489593274e-03 
       1.728675980336e+00       3.126945489560e-03 
       1.768942054827e+00       2.956857125328e-03 
       1.810146030777e+00       2.795789623619e-03 
       1.852309761107e+00       2.643177444233e-03 
       1.895455605294e+00       2.498636879719e-03 
       1.939606442072e+00       2.361792036085e-03 
       1.984785682127e+00       2.232210918310e-03 
       2.031017280857e+00       2.109515353992e-03 
       2.078325751307e+00       1.993353146273e-03 
       2.126736177300e+00       1.883389397730e-03 
       2.176274226817e+00       1.779299538026e-03 
       2.226966165660e+00       1.680779982927e-03 
       2.278838871403e+00       1.587541721705e-03 
       2.331919847661e+00       1.499298504959e-03 
       2.386237238680e+00       1.415811359318e-03 
       2.441819844264e+00       1.336808792264e-03 
       2.498697135050e+00       1.262073279575e-03 
       2.556899268129e+00       1.191362516524e-03 
       2.616457103044e+00       1.124474116492e-03 
       2.677402218149e+00       1.061200025479e-03 
       2.739766927348e+00       1.001359792348e-03 
       2.803584297238e+00       9.447519877435e-04 
       2.868888164632e+00       8.912262319190e-04 
       2.935713154505e+00       8.406025242198e-04 
       3.004094698352e+00       7.927313417976e-04 
       3.074069052971e+00       7.474601372633e-04 
       3.145673319693e+00       7.046603909584e-04 
       3.218945464046e+00       6.641948231098e-04 
       3.293924335892e+00       6.259349455018e-04 
       3.370649690021e+00       5.897636292127e-04 
       3.449162207232e+00       5.555731358415e-04 
       3.529503515900e+00       5.232477068362e-04 
       3.611716214051e+00       4.926890481322e-04 
       3.695843891945e+00       4.638085644107e-04 
       3.781931155191e+00       4.365054419080e-04 
       3.870023648395e+00       4.107019710098e-04 
       3.960168079364e+00       3.863081969800e-04 
       4.052412243867e+00       3.632560401926e-04 
       4.146805050982e+00       3.414621894415e-04 
       4.243396549024e+00       3.208709796619e-04 
       4.342237952085e+00       3.014081382905e-04 
       4.443381667184e+00       2.830121455897e-04 
       4.546881322058e+00       2.656271501961e-04 
       4.652791793594e+00       2.491963110605e-04 
       4.761169236926e+00       2.336696669238e-04 
       4.872071115209e+00       2.190003652389e-04 
       4.985556230087e+00       2.051321639108e-04 
       5.101684752870e+00       1.920308385021e-04 
       5.220518256437e+00       1.796467822514e-04 
       5.342119747886e+00       1.679457008014e-04 
       5.466553701937e+00       1.568873923578e-04 
       5.593886095118e+00       1.464589500840e-04 
       5.724184440751e+00       1.365827989150e-04 
       5.857517824743e+00       1.272659726644e-04 
       5.993956942219e+00       1.184596172308e-04 
       6.133574135006e+00       1.101500982164e-04 
       6.276443429986e+00       1.023000706182e-04 
       6.422640578351e+00       9.489097410977e-05 
       6.572243095764e+00       8.789868843626e-05 
       6.725330303461e+00       8.130190273173e-05 
       6.881983370305e+00       7.507729293209e-05 
       7.042285355826e+00       6.921060523794e-05 
       7.206321254258e+00       6.368398435793e-05 
       7.374178039606e+00       5.848635313967e-05 
       7.545944711760e+00       5.358336130817e-05 
       7.721712343682e+00       4.897525231950e-05 
       7.901574129697e+00       4.464036470192e-05 
       8.085625434906e+00       4.057628771756e-05 
       8.273963845747e+00       3.674437353369e-05 
       8.466689221737e+00       3.317804744210e-05 
       8.663903748422e+00       2.987742908964e-05 
       8.865711991556e+00       2.672726118041e-05 
       9.072220952538e+00       2.387404035055e-05 
       9.283540125155e+00       2.114486866927e-05 
       9.499781553628e+00       1.863583838513e-05 
       9.721059892026e+00       1.634300405100e-05 
       9.947492465052e+00       1.421233421647e-05 
       1.017919933025e+01       1.226653032801e-05 
       1.041630334168e+01       1.048162095223e-05 
       1.065893021501e+01       8.862642870461e-06 
       1.090720859423e+01       7.403058823746e-06 
       1.116127011982e+01       6.095765313467e-06 
       1.142124949856e+01       4.916162915470e-06 
       1.168728457497e+01       3.907057293708e-06 
       1.195951640436e+01       3.016595877966e-06 
       1.223808932764e+01       2.256334227309e-06 
       1.252315104788e+01       1.617574345963e-06 
       1.281485270857e+01       1.095139091729e-06 
       1.311334897379e+01       6.820940934565e-07 
       1.341879811021e+01       3.755501834750e-07 
       1.373136207101e+01       1.631007255969e-07 
       1.405120658174e+01       4.061819951398e-08 
       1.437850122818e+01       3.187515884770e-11 
       1.471341954630e+01       3.399509563958e-08 
       1.505613911421e+01       1.323937446977e-07 
       1.540684164638e+01       2.895335585356e-07 
       1.576571308992e+01       4.934818230376e-07 
       1.613294372322e+01       7.373968190434e-07 
       1.650872825683e+01       1.011535469373e-06 
       1.689326593668e+01       1.307231439568e-06 
       1.728676064974e+01       1.612647769096e-06 
       1.768942103212e+01       1.920424685202e-06 
       1.810146057967e+01       2.221446155158e-06 
       1.852309776122e+01       2.511167523433e-06 
       1.895455613439e+01       2.771435303300e-06 
       1.939606446411e+01       3.003567041442e-06 
       1.984785684395e+01       3.205982656708e-06 
       2.031017282021e+01       3.379105221625e-06 
       2.078325751893e+01       3.454297725843e-06 
       2.126736177589e+01       3.513861564596e-06 
       2.176274226957e+01       3.517568096840e-06 
       2.226966165726e+01       3.459798842051e-06 
       2.278838871434e+01       3.369404057990e-06 
       2.331919847675e+01       3.216931272540e-06 
       2.386237238686e+01       3.036211628020e-06 
       2.441819844267e+01       2.803500006353e-06 
       2.498697135051e+01       2.545375703352e-06 
       2.556899268129e+01       2.261508889007e-06 
       2.616457103045e+01       1.966878620311e-06 
       2.677402218149e+01       1.669004515762e-06 
       2.739766927349e+01       1.368472561930e-06 
       2.803584297238e+01       1.088714365831e-06 
       2.868888164632e+01       8.269233076787e-07 
       2.935713154505e+01       5.959624890893e-07 
       3.004094698352e+01       3.977830823154e-07 
       3.074069052971e+01       2.437921231192e-07 
       3.145673319693e+01       1.198839316954e-07 
       3.218945464046e+01       4.272355176807e-08 
       3.293924335892e+01       4.569384927935e-09 
       3.370649690021e+01       3.291962802004e-09 
       3.449162207232e+01       3.072172292005e-08 
       3.529503515900e+01       8.207415520528e-08 
       3.611716214051e+01       1.477039878782e-07 
       3.695843891945e+01       2.213251889894e-07 
       3.781931155191e+01       2.943795725520e-07 
       3.870023648395e+01       3.563325810799e-07 
       3.960168079364e+01       4.113198760033e-07 
       4.052412243867e+01       4.325099916629e-07 
       4.146805050982e+01       4.459529462226e-07 
       4.243396549024e+01       4.350596757983e-07 
       4.342237952085e+01       4.026125726405e-07 
       4.443381667184e+01       3.540265730339e-07 
       4.546881322058e+01       2.967392751454e-07 
       4.652791793594e+01       2.340579222397e-07 
       4.761169236926e+01       1.660781617428e-07 
       4.872071115209e+01       1.107870472428e-07 
       4.985556230087e+01       6.481810980056e-08 
       5.101684752870e+01       3.018531496233e-08 
       5.220518256437e+01       7.931189308393e-09 
       5.342119747886e+01       1.969927243560e-10 
       5.466553701937e+01       3.533224330539e-09 
       5.593886095118e+01       1.587181422285e-08 
       5.724184440751e+01       2.927320631177e-08 
       5.857517824743e+01       4.248583976751e-08 
       5.993956942219e+01       5.349347770895e-08 
       6.133574135006e+01       6.000860851422e-08 
       6.276443429986e+01       5.796194174660e-08 
       6.422640578351e+01       5.429827679789e-08 
       6.572243095764e+01       4.294455480938e-08 
       6.725330303461e+01       3.315104439876e-08 
       6.881983370305e+01       2.045296984248e-08 
       7.042285355826e+01       1.015238609844e-08 
       7.206321254258e+01       3.585567126547e-09 
       7.374178039606e+01       6.950706138565e-10 
       7.545944711760e+01       1.647698209442e-10 
       7.721712343682e+01       1.331836128074e-09 
       7.901574129697e+01       4.914324475253e-09 
       8.085625434906e+01       6.748713040218e-09 
       8.273963845747e+01       8.001941523432e-09 
       8.466689221737e+01       7.362333626758e-09 
       8.663903748422e+01       6.244047285202e-09 
       8.865711991556e+01       3.796102220059e-09 
       9.072220952538e+01       2.177420247741e-09 
       9.283540125155e+01       1.351765443239e-09 
       9.499781553628e+01       6.073655377554e-11 
       9.721059892026e+01       6.118401827368e-11 
       9.947492465051e+01       2.891602257625e-10 
       1.017919933025e+02       4.268080931595e-10 
       1.041630334168e+02       1.367216674005e-09 
       1.065893021501e+02       4.476972945676e-10 
       1.090720859423e+02       4.051406521789e-10 
       1.116127011982e+02       3.513435627145e-10 
       1.142124949856e+02       3.040396851292e-10 
       1.168728457497e+02       1.725294668404e-11 
       1.195951640436e+02       2.897188646041e-13 
       1.223808932764e+02       7.129427443479e-11 
       1.252315104788e+02       1.453593914546e-10 
       1.281485270857e+02       1.122129947930e-10 
       1.311334897379e+02       7.855923421429e-11 
       1.341879811021e+02       2.227561044654e-11 
       1.373136207101e+02       6.546404209839e-11 
       1.405120658174e+02       5.355309177891e-11 
       1.437850122818e+02       1.707030925083e-11 
       1.471341954630e+02       1.360524067986e-13 
       1.505613911421e+02       1.483844456176e-10 
       1.540684164638e+02       9.310997925820e-11 
       1.576571308992e+02       4.295371175857e-12 
       1.613294372322e+02       1.521119357241e-11 
       1.650872825683e+02       1.552516521513e-14 
       1.689326593668e+02       4.402869124959e-11 
       1.728676064974e+02       3.864397064774e-11 
       1.768942103212e+02       4.643125982163e-12 
       1.810146057967e+02       2.435752926586e-11 
       1.852309776122e+02       2.166974616562e-11 
       1.895455613439e+02       2.212235233242e-12 
       1.939606446411e+02       4.605567270820e-12 
       1.984785684395e+02       2.068996861660e-11 
       2.031017282021e+02       1.497261218564e-10 
