# Matter power spectrum P(k) at redshift z=99
# for k=1.00899e-05 to 203.102 h/Mpc,
# number of wavenumbers equal to 845
#    1:k (h/Mpc)              2:P (Mpc/h)^3        
       1.008985923246e-05       4.865483245990e-03 
       2.251775554681e-05       3.993633894516e-02 
       3.498636120247e-05       4.131758827870e-02 
       4.752690064658e-05       4.678563207581e-02 
       6.017107953230e-05       5.236258713687e-02 
       7.295134796122e-05       6.148295159762e-02 
       8.590117158737e-05       6.929884867778e-02 
       9.905531395762e-05       7.683994059490e-02 
       1.124501334903e-04       8.670342869418e-02 
       1.261238985241e-04       9.662221004092e-02 
       1.401171238832e-04       1.067449891449e-01 
       1.544729323814e-04       1.179952939028e-01 
       1.692374445844e-04       1.285099935944e-01 
       1.844601999316e-04       1.399802793484e-01 
       2.001946119095e-04       1.512361349358e-01 
       2.164984592990e-04       1.635605278477e-01 
       2.334344144703e-04       1.759517028651e-01 
       2.510706081373e-04       1.879927148357e-01 
       2.694812277303e-04       2.012389635320e-01 
       2.887471433953e-04       2.151297383083e-01 
       3.089565513139e-04       2.294927143308e-01 
       3.302056182976e-04       2.445163483682e-01 
       3.525991041420e-04       2.604273729846e-01 
       3.762509287930e-04       2.771519642613e-01 
       4.012846398372e-04       2.948643849486e-01 
       4.278337222871e-04       3.135562123765e-01 
       4.560416775835e-04       3.333085732682e-01 
       4.860617833145e-04       3.543343555353e-01 
       5.180564313506e-04       3.765915121171e-01 
       5.521959330390e-04       4.004487786498e-01 
       5.886566801031e-04       4.257016077993e-01 
       6.276185643138e-04       4.526120935705e-01 
       6.692615934693e-04       4.813196635806e-01 
       7.137617003222e-04       5.118187800690e-01 
       7.612858261435e-04       5.442963902266e-01 
       8.119864671933e-04       5.788350322849e-01 
       8.659959882004e-04       6.154489088846e-01 
       9.234211115549e-04       6.541932045854e-01 
       9.843380583383e-04       6.951578496399e-01 
       1.048788822492e-03       7.382865171966e-01 
       1.116778986862e-03       7.835439011791e-01 
       1.188277341593e-03       8.309335709481e-01 
       1.263217364035e-03       8.803298447997e-01 
       1.341500403710e-03       9.316414224722e-01 
       1.423000229794e-03       9.847175049880e-01 
       1.507568477172e-03       1.039527472911e+00 
       1.595040487038e-03       1.095815174731e+00 
       1.685241074673e-03       1.153457892711e+00 
       1.777989849548e-03       1.212319093670e+00 
       1.873105833077e-03       1.272237386746e+00 
       1.970411240942e-03       1.333052875588e+00 
       2.069734400901e-03       1.394613205342e+00 
       2.170911853969e-03       1.456795681595e+00 
       2.273789735124e-03       1.519468941516e+00 
       2.378224553043e-03       1.582488700387e+00 
       2.484083492891e-03       1.645765156608e+00 
       2.591244358339e-03       1.709171968652e+00 
       2.699595254278e-03       1.772618315008e+00 
       2.809034094327e-03       1.836011920825e+00 
       2.919467999818e-03       1.899271930458e+00 
       3.030812641171e-03       1.962325643290e+00 
       3.142991559080e-03       2.025090841825e+00 
       3.255935491967e-03       2.087511596717e+00 
       3.369581727509e-03       2.149531770764e+00 
       3.483873489548e-03       2.211094554453e+00 
       3.598759366763e-03       2.272150250940e+00 
       3.714192786088e-03       2.332658612046e+00 
       3.830131531369e-03       2.392580414748e+00 
       3.946537306183e-03       2.451874037770e+00 
       4.063375338686e-03       2.510514863738e+00 
       4.180614025754e-03       2.568467012078e+00 
       4.298224613405e-03       2.625709762869e+00 
       4.416180910359e-03       2.682217892490e+00 
       4.534459031676e-03       2.737969137770e+00 
       4.653037169509e-03       2.792948245277e+00 
       4.771895388214e-03       2.847138577268e+00 
       4.891015441268e-03       2.900526423723e+00 
       5.010380607654e-03       2.953099460652e+00 
       5.129975545600e-03       3.004847607513e+00 
       5.249786161774e-03       3.055764302646e+00 
       5.369799494223e-03       3.105841922062e+00 
       5.490003607537e-03       3.155075834029e+00 
       5.610387498875e-03       3.203460436868e+00 
       5.730941013670e-03       3.250996843736e+00 
       5.851654769906e-03       3.297683480291e+00 
       5.972520090068e-03       3.343518067433e+00 
       6.093528939880e-03       3.388503097458e+00 
       6.214673873133e-03       3.432640271486e+00 
       6.335947981903e-03       3.475934550196e+00 
       6.457344851613e-03       3.518386725094e+00 
       6.578858520406e-03       3.560001300350e+00 
       6.700483442374e-03       3.600782899002e+00 
       6.822214454238e-03       3.640740125816e+00 
       6.944046745134e-03       3.679875038729e+00 
       7.065975829162e-03       3.718199264761e+00 
       7.187997520434e-03       3.755720533135e+00 
       7.310107910369e-03       3.792442368130e+00 
       7.432303346994e-03       3.828369546746e+00 
       7.554580416073e-03       3.863516811773e+00 
       7.676935923868e-03       3.897894255129e+00 
       7.799366881390e-03       3.931503732461e+00 
       7.921870489981e-03       3.964351867278e+00 
       8.044444128110e-03       3.996460456257e+00 
       8.167085339271e-03       4.027827059431e+00 
       8.289791820870e-03       4.058465909292e+00 
       8.412561414027e-03       4.088389072928e+00 
       8.535392094189e-03       4.117595364338e+00 
       8.658281962499e-03       4.146102958661e+00 
       8.781229237845e-03       4.173917612337e+00 
       8.904232249532e-03       4.201050610115e+00 
       9.027289430517e-03       4.227509109940e+00 
       9.150399311170e-03       4.253300547419e+00 
       9.273560513504e-03       4.278441737935e+00 
       9.396771745844e-03       4.302931689306e+00 
       9.520031797891e-03       4.326778904561e+00 
       9.643339536152e-03       4.350006296560e+00 
       9.766693899711e-03       4.372603301251e+00 
       9.890093896300e-03       4.394589140115e+00 
       1.001353859866e-02       4.415972068169e+00 
       1.013702714118e-02       4.436761378364e+00 
       1.026055871672e-02       4.456955090878e+00 
       1.038413257374e-02       4.476569084942e+00 
       1.050774801356e-02       4.495611865871e+00 
       1.063140438788e-02       4.514083607855e+00 
       1.075510109639e-02       4.532000889772e+00 
       1.087883758462e-02       4.549367183410e+00 
       1.100261334193e-02       4.566186093769e+00 
       1.112642789957e-02       4.582470321451e+00 
       1.125028082899e-02       4.598220158761e+00 
       1.137417174014e-02       4.613452522331e+00 
       1.149810028000e-02       4.628158446102e+00 
       1.162206613114e-02       4.642360079709e+00 
       1.174606901039e-02       4.656050981134e+00 
       1.187010866765e-02       4.669247691732e+00 
       1.199418488471e-02       4.681953377968e+00 
       1.211829747421e-02       4.694167692759e+00 
       1.224244627863e-02       4.705906272778e+00 
       1.236663116941e-02       4.717165812414e+00 
       1.249085204607e-02       4.727965409959e+00 
       1.261510883545e-02       4.738293758304e+00 
       1.273940149094e-02       4.748171677141e+00 
       1.286372999182e-02       4.757595712309e+00 
       1.298809434267e-02       4.766571714009e+00 
       1.311249457272e-02       4.775107716602e+00 
       1.323693073542e-02       4.783209228910e+00 
       1.336140290784e-02       4.790878201462e+00 
       1.348591119034e-02       4.798126823624e+00 
       1.361045570605e-02       4.804957122281e+00 
       1.373503660061e-02       4.811369188620e+00 
       1.385965404174e-02       4.817374762981e+00 
       1.398430821901e-02       4.822976339945e+00 
       1.410899934352e-02       4.828177084902e+00 
       1.423372764771e-02       4.832988713963e+00 
       1.435849338511e-02       4.837409342083e+00 
       1.448329683018e-02       4.841449739459e+00 
       1.460813827812e-02       4.845110338362e+00 
       1.473301804481e-02       4.848396712500e+00 
       1.485793646664e-02       4.851313999414e+00 
       1.498289390044e-02       4.853870093862e+00 
       1.510789072347e-02       4.856066964056e+00 
       1.523292733332e-02       4.857911105896e+00 
       1.535800414793e-02       4.859404676628e+00 
       1.548312160558e-02       4.860552003122e+00 
       1.560828016494e-02       4.861364389178e+00 
       1.573348030509e-02       4.861834798156e+00 
       1.585872252561e-02       4.861988585729e+00 
       1.598400734663e-02       4.861815847363e+00 
       1.610933530897e-02       4.861308028732e+00 
       1.623470697422e-02       4.860490520899e+00 
       1.636012292492e-02       4.859370151205e+00 
       1.648558376469e-02       4.857932583769e+00 
       1.661109011841e-02       4.856194532249e+00 
       1.673664263240e-02       4.854161392051e+00 
       1.686224197463e-02       4.851832260300e+00 
       1.698788883495e-02       4.849211390955e+00 
       1.711358392534e-02       4.846314653521e+00 
       1.723932798012e-02       4.843130979375e+00 
       1.736512175629e-02       4.839677605297e+00 
       1.749096603375e-02       4.835943144431e+00 
       1.761686161566e-02       4.831949058313e+00 
       1.774280932873e-02       4.827680876386e+00 
       1.786881002356e-02       4.823161943518e+00 
       1.799486457501e-02       4.818387808893e+00 
       1.812097388257e-02       4.813359952271e+00 
       1.824713887072e-02       4.808088364766e+00 
       1.837336048938e-02       4.802569043968e+00 
       1.849963971429e-02       4.796811508141e+00 
       1.862597754748e-02       4.790817580326e+00 
       1.875237501771e-02       4.784594255578e+00 
       1.887883318094e-02       4.778133499030e+00 
       1.900535312085e-02       4.771470233671e+00 
       1.913193594933e-02       4.764579524118e+00 
       1.925858280700e-02       4.757463309786e+00 
       1.938529486380e-02       4.750138969151e+00 
       1.951207331950e-02       4.742600911998e+00 
       1.963891940434e-02       4.734863083258e+00 
       1.976583437961e-02       4.726920698268e+00 
       1.989281953829e-02       4.718784186177e+00 
       2.001987620571e-02       4.710450490158e+00 
       2.014700574018e-02       4.701930080447e+00 
       2.027420953374e-02       4.693205923331e+00 
       2.040148901283e-02       4.684321414106e+00 
       2.052884563906e-02       4.675242434854e+00 
       2.065628090997e-02       4.665986334353e+00 
       2.078379635978e-02       4.656548859593e+00 
       2.091139356027e-02       4.646957687878e+00 
       2.103907412157e-02       4.637186227980e+00 
       2.116683969302e-02       4.627258245204e+00 
       2.129469196411e-02       4.617168280186e+00 
       2.142263266535e-02       4.606913430571e+00 
       2.155066356926e-02       4.596516782694e+00 
       2.167878649131e-02       4.585958135249e+00 
       2.180700329099e-02       4.575245320190e+00 
       2.193531587278e-02       4.564396381895e+00 
       2.206372618728e-02       4.553407250750e+00 
       2.219223623229e-02       4.542269416453e+00 
       2.232084805397e-02       4.531010007856e+00 
       2.244956374803e-02       4.519602404390e+00 
       2.257838546090e-02       4.508070751896e+00 
       2.270731539105e-02       4.496412004114e+00 
       2.283635579024e-02       4.484624737375e+00 
       2.296550896486e-02       4.472718962569e+00 
       2.309477727734e-02       4.460698306657e+00 
       2.322416314755e-02       4.448553233663e+00 
       2.335366905427e-02       4.436301782380e+00 
       2.348329753672e-02       4.423939314433e+00 
       2.361305119611e-02       4.411468657714e+00 
       2.374293269725e-02       4.398891344865e+00 
       2.387294477028e-02       4.386212446055e+00 
       2.400309021230e-02       4.373431503079e+00 
       2.413337188923e-02       4.360554488171e+00 
       2.426379273761e-02       4.347585018227e+00 
       2.439435576651e-02       4.334523096088e+00 
       2.452506405949e-02       4.321370078349e+00 
       2.465592077667e-02       4.308130320497e+00 
       2.478692915676e-02       4.294806493657e+00 
       2.491809251927e-02       4.281398672769e+00 
       2.504941426679e-02       4.267911658634e+00 
       2.518089788722e-02       4.254349075124e+00 
       2.531254695627e-02       4.240716151834e+00 
       2.544436513988e-02       4.226997921653e+00 
       2.557635619681e-02       4.213216433901e+00 
       2.570852398133e-02       4.199364335707e+00 
       2.584087244594e-02       4.185447328032e+00 
       2.597340564424e-02       4.171467557574e+00 
       2.610612773389e-02       4.157425435022e+00 
       2.623904297966e-02       4.143321557398e+00 
       2.637215575665e-02       4.129162486096e+00 
       2.650547055353e-02       4.114946925324e+00 
       2.663899197597e-02       4.100677821221e+00 
       2.677272475021e-02       4.086359163535e+00 
       2.690667372668e-02       4.071988434936e+00 
       2.704084388387e-02       4.057571636914e+00 
       2.717524033223e-02       4.043107400823e+00 
       2.730986831833e-02       4.028601152912e+00 
       2.744473322907e-02       4.014051965269e+00 
       2.757984059617e-02       3.999463932146e+00 
       2.771519610072e-02       3.984835631024e+00 
       2.785080557800e-02       3.970171462855e+00 
       2.798667502244e-02       3.955472712252e+00 
       2.812281059279e-02       3.940740695340e+00 
       2.825921861753e-02       3.925976797162e+00 
       2.839590560043e-02       3.911182814779e+00 
       2.853287822642e-02       3.896360769890e+00 
       2.867014336763e-02       3.881513159056e+00 
       2.880770808975e-02       3.866638144643e+00 
       2.894557965859e-02       3.851740037393e+00 
       2.908376554696e-02       3.836819848980e+00 
       2.922227344183e-02       3.821879868162e+00 
       2.936111125182e-02       3.806920198620e+00 
       2.950028711498e-02       3.791940531816e+00 
       2.963980940692e-02       3.776946167292e+00 
       2.977968674934e-02       3.761935954286e+00 
       2.991992801888e-02       3.746911957384e+00 
       3.006054235642e-02       3.731876464304e+00 
       3.020153917674e-02       3.716826484955e+00 
       3.034292817872e-02       3.701768845620e+00 
       3.048471935591e-02       3.686701182482e+00 
       3.062692300766e-02       3.671627357265e+00 
       3.076954975073e-02       3.656543782075e+00 
       3.091261053153e-02       3.641458126107e+00 
       3.105611663883e-02       3.626363502049e+00 
       3.120007971717e-02       3.611267133339e+00 
       3.134451178094e-02       3.596169475587e+00 
       3.148942522908e-02       3.581068989790e+00 
       3.163483286058e-02       3.565966917770e+00 
       3.178074789075e-02       3.550867149698e+00 
       3.192718396829e-02       3.535765868838e+00 
       3.207415519325e-02       3.520669263338e+00 
       3.222167613596e-02       3.505573886945e+00 
       3.236976185693e-02       3.490480537347e+00 
       3.251842792776e-02       3.475394553910e+00 
       3.266769045326e-02       3.460311652756e+00 
       3.281756609471e-02       3.445237526580e+00 
       3.296807209441e-02       3.430165280083e+00 
       3.311922630162e-02       3.415102789349e+00 
       3.327104719986e-02       3.400045302391e+00 
       3.342355393590e-02       3.384996911595e+00 
       3.357676635028e-02       3.369959118730e+00 
       3.373070500968e-02       3.354926909442e+00 
       3.388539124115e-02       3.339906285577e+00 
       3.404084716838e-02       3.324894105562e+00 
       3.419709575014e-02       3.309894303448e+00 
       3.435416082110e-02       3.294903955817e+00 
       3.451206713503e-02       3.279924520879e+00 
       3.467084041087e-02       3.264958344328e+00 
       3.483050738153e-02       3.250000455692e+00 
       3.499109584590e-02       3.235054915332e+00 
       3.515263472420e-02       3.220123346591e+00 
       3.531515411689e-02       3.205201852744e+00 
       3.547868536756e-02       3.190292250846e+00 
       3.564326112997e-02       3.175395418503e+00 
       3.580891543966e-02       3.160510380962e+00 
       3.597568379052e-02       3.145638560079e+00 
       3.614360321665e-02       3.130777829815e+00 
       3.631271238005e-02       3.115927565444e+00 
       3.648305166451e-02       3.101090907665e+00 
       3.665466327647e-02       3.086264153845e+00 
       3.682759135313e-02       3.071451557701e+00 
       3.700188207881e-02       3.056646252172e+00 
       3.717758380999e-02       3.041852522711e+00 
       3.735474721006e-02       3.027068333082e+00 
       3.753342539455e-02       3.012296367225e+00 
       3.771367408789e-02       2.997530391168e+00 
       3.789555179276e-02       2.982774513362e+00 
       3.807911997330e-02       2.968026240399e+00 
       3.826444325354e-02       2.953285285725e+00 
       3.845158963247e-02       2.938550766674e+00 
       3.864063071773e-02       2.923820942945e+00 
       3.883164197941e-02       2.909094850569e+00 
       3.902470302655e-02       2.894375490440e+00 
       3.921989790844e-02       2.879658456939e+00 
       3.941731544346e-02       2.864941343253e+00 
       3.961704957874e-02       2.850224368187e+00 
       3.981919978381e-02       2.835508796382e+00 
       4.002387148228e-02       2.820789691971e+00 
       4.023117652610e-02       2.806066823262e+00 
       4.044123371716e-02       2.791339140985e+00 
       4.065416938230e-02       2.776603396624e+00 
       4.087011800810e-02       2.761861508886e+00 
       4.108922294299e-02       2.747107812815e+00 
       4.131163717545e-02       2.732341023339e+00 
       4.153752419801e-02       2.717557428052e+00 
       4.176705896879e-02       2.702761584560e+00 
       4.200042898355e-02       2.687942369880e+00 
       4.223783547389e-02       2.673100397666e+00 
       4.247949474925e-02       2.658237626860e+00 
       4.272563970381e-02       2.643343335349e+00 
       4.297652151252e-02       2.628416285810e+00 
       4.323241154501e-02       2.613455553623e+00 
       4.349360353122e-02       2.598457758951e+00 
       4.376041601845e-02       2.583415123104e+00 
       4.403319516735e-02       2.568325491524e+00 
       4.431231794305e-02       2.553184033160e+00 
       4.459819576870e-02       2.537985170982e+00 
       4.489127872208e-02       2.522727641389e+00 
       4.519206037240e-02       2.507397372750e+00 
       4.550108337449e-02       2.491989050280e+00 
       4.581894596305e-02       2.476503154608e+00 
       4.614630952020e-02       2.460923818551e+00 
       4.648390742907e-02       2.445242777565e+00 
       4.683255547441e-02       2.429452957539e+00 
       4.719316411280e-02       2.413551322569e+00 
       4.756675301229e-02       2.397518641832e+00 
       4.795446835950e-02       2.381343398873e+00 
       4.835760355679e-02       2.365023862244e+00 
       4.877762409092e-02       2.348502772186e+00 
       4.921619755703e-02       2.331771812058e+00 
       4.967523007970e-02       2.314823597660e+00 
       5.015691069999e-02       2.297616659147e+00 
       5.066376571099e-02       2.280132303522e+00 
       5.119872543759e-02       2.262322247260e+00 
       5.176520658204e-02       2.244146773414e+00 
       5.236721398511e-02       2.225549318780e+00 
       5.300946643626e-02       2.206455246029e+00 
       5.369755186298e-02       2.186781363088e+00 
       5.443811750858e-02       2.166416248191e+00 
       5.523909986108e-02       2.145214903083e+00 
       5.610999569786e-02       2.122993483359e+00 
       5.706216693470e-02       2.099503148289e+00 
       5.810915311482e-02       2.074412111054e+00 
       5.926692833934e-02       2.047273256019e+00 
       6.055397336706e-02       2.017486333536e+00 
       6.199093018729e-02       1.984235236784e+00 
       6.359947940448e-02       1.946483392443e+00 
       6.540001142378e-02       1.902922285100e+00 
       6.740785583239e-02       1.852098113516e+00 
       6.962856953198e-02       1.792656490089e+00 
       7.205402575154e-02       1.723751894336e+00 
       7.466181557294e-02       1.645563163908e+00 
       7.741925944084e-02       1.559603371339e+00 
       8.029037150168e-02       1.468640731815e+00 
       8.324228134396e-02       1.376231798647e+00 
       8.624873566558e-02       1.286091648417e+00 
       8.929066761749e-02       1.201518326577e+00 
       9.235510010565e-02       1.125017061835e+00 
       9.543357073890e-02       1.058132901979e+00 
       9.852071037994e-02       1.001452786514e+00 
       1.016131705477e-01       9.547087024905e-01 
       1.047088850041e-01       9.169486779922e-01 
       1.078065869454e-01       8.867094541431e-01 
       1.109055026726e-01       8.622067276270e-01 
       1.140051606747e-01       8.415064986850e-01 
       1.171052739085e-01       8.226991645170e-01 
       1.202056676777e-01       8.040625619561e-01 
       1.233062356186e-01       7.842072242551e-01 
       1.264069129017e-01       7.621807663552e-01 
       1.295076599371e-01       7.375306316325e-01 
       1.326084524750e-01       7.102915798400e-01 
       1.357092755935e-01       6.809343405360e-01 
       1.388101200478e-01       6.502327055237e-01 
       1.419109800535e-01       6.191474411125e-01 
       1.450118519396e-01       5.886774986691e-01 
       1.481127333302e-01       5.597412730608e-01 
       1.512136226471e-01       5.330863655448e-01 
       1.543145188064e-01       5.092335990387e-01 
       1.574154210335e-01       4.884511903812e-01 
       1.605163287508e-01       4.707602737264e-01 
       1.636172415074e-01       4.559672733009e-01 
       1.667181589372e-01       4.436981468470e-01 
       1.698190807317e-01       4.334535098153e-01 
       1.729200066233e-01       4.246595691321e-01 
       1.760209363751e-01       4.167365518913e-01 
       1.791218697736e-01       4.091956299692e-01 
       1.822228066242e-01       4.014508057810e-01 
       1.853237467480e-01       3.931136063398e-01 
       1.884246899796e-01       3.839396927671e-01 
       1.915256361651e-01       3.738432334975e-01 
       1.946265851615e-01       3.628951160864e-01 
       1.977275368348e-01       3.512928596028e-01 
       2.008284910597e-01       3.393160721770e-01 
       2.039294477188e-01       3.272808062995e-01 
       2.070304067018e-01       3.154997157691e-01 
       2.101313679048e-01       3.042459778066e-01 
       2.132323312304e-01       2.937348441449e-01 
       2.163332965866e-01       2.841196350140e-01 
       2.194342638867e-01       2.754837604502e-01 
       2.225352330487e-01       2.678463715107e-01 
       2.256362039955e-01       2.611552779029e-01 
       2.287371766540e-01       2.553095929101e-01 
       2.318381509550e-01       2.501547579345e-01 
       2.349391268330e-01       2.455090355398e-01 
       2.380401042261e-01       2.411793350750e-01 
       2.411410830753e-01       2.369848359641e-01 
       2.442420633250e-01       2.327687931036e-01 
       2.473430449220e-01       2.284133517347e-01 
       2.504440278160e-01       2.238465803066e-01 
       2.535450119592e-01       2.190332319884e-01 
       2.566459973060e-01       2.139845183833e-01 
       2.597469838130e-01       2.087397840935e-01 
       2.628479714390e-01       2.033732861776e-01 
       2.659489601445e-01       1.979734556819e-01 
       2.690499498921e-01       1.926409219316e-01 
       2.721509406458e-01       1.874738431654e-01 
       2.752519323715e-01       1.825557539161e-01 
       2.783529250366e-01       1.779494684403e-01 
       2.814539186098e-01       1.736881655525e-01 
       2.845549130613e-01       1.697770305945e-01 
       2.876559083625e-01       1.662024838306e-01 
       2.907569044861e-01       1.629303560060e-01 
       2.938579014059e-01       1.599133575258e-01 
       2.969588990968e-01       1.570971247993e-01 
       3.000598975348e-01       1.544256594253e-01 
       3.031608966969e-01       1.518429794816e-01 
       3.062618965610e-01       1.492985466273e-01 
       3.093628971058e-01       1.467421706096e-01 
       3.124638983110e-01       1.441499273683e-01 
       3.155649001570e-01       1.415033660421e-01 
       3.186659026250e-01       1.387997737628e-01 
       3.217669056970e-01       1.360537711561e-01 
       3.248679093555e-01       1.332867399811e-01 
       3.279689135839e-01       1.305239118627e-01 
       3.310699183660e-01       1.277959200364e-01 
       3.341709236865e-01       1.251275442780e-01 
       3.372719295303e-01       1.225443049390e-01 
       3.403729358831e-01       1.200650177292e-01 
       3.434739427310e-01       1.177045573374e-01 
       3.465749500607e-01       1.154712720956e-01 
       3.496759578594e-01       1.133658898212e-01 
       3.527769661145e-01       1.113814257694e-01 
       3.558779748142e-01       1.095039070866e-01 
       3.589789839468e-01       1.077155917510e-01 
       3.620799935012e-01       1.059957758910e-01 
       3.651810034666e-01       1.043253632329e-01 
       3.682820138325e-01       1.026878737349e-01 
       3.713830245890e-01       1.010700009980e-01 
       3.744840357261e-01       9.946361522719e-02 
       3.775850472346e-01       9.786018911051e-02 
       3.806860591053e-01       9.625897677146e-02 
       3.837870713295e-01       9.465824178565e-02 
       3.868880838984e-01       9.306253822962e-02 
       3.899890968040e-01       9.147670034912e-02 
       3.930901100382e-01       8.991031733535e-02 
       3.961911235933e-01       8.837102939661e-02 
       3.992921374617e-01       8.686842193142e-02 
       4.023931516362e-01       8.540807143995e-02 
       4.054941661098e-01       8.399356405873e-02 
       4.085951808755e-01       8.262751450586e-02 
       4.116961959268e-01       8.131044881488e-02 
       4.147972112573e-01       8.003959649884e-02 
       4.178982268607e-01       7.881325382049e-02 
       4.209992427309e-01       7.762940362917e-02 
       4.241002588622e-01       7.648339189123e-02 
       4.272012752487e-01       7.537008143175e-02 
       4.303022918849e-01       7.428394887814e-02 
       4.334033087655e-01       7.321920072080e-02 
       4.365043258852e-01       7.217015142534e-02 
       4.396053432390e-01       7.113366437818e-02 
       4.427063608219e-01       7.010963896480e-02 
       4.458073786292e-01       6.909216787185e-02 
       4.489083966561e-01       6.808663129224e-02 
       4.520094148981e-01       6.709276673903e-02 
       4.551104333508e-01       6.611069908138e-02 
       4.582114520099e-01       6.514196545035e-02 
       4.613124708713e-01       6.419020424217e-02 
       4.644134899308e-01       6.325549185271e-02 
       4.675145091846e-01       6.234294611041e-02 
       4.706155286287e-01       6.145021780576e-02 
       4.737165482595e-01       6.058301340781e-02 
       4.768175680732e-01       5.973988183239e-02 
       4.799185880663e-01       5.892026698975e-02 
       4.830196082354e-01       5.812216416687e-02 
       4.861206285770e-01       5.734374726270e-02 
       4.892216490879e-01       5.658285279557e-02 
       4.923226697648e-01       5.583738169363e-02 
       4.954236906047e-01       5.510701603096e-02 
       4.985247116044e-01       5.438886275177e-02 
       5.016257327611e-01       5.368278179884e-02 
       5.047267540718e-01       5.298658007817e-02 
       5.078277755336e-01       5.229889522689e-02 
       5.109287971439e-01       5.162081285852e-02 
       5.140298188999e-01       5.094976499850e-02 
       5.171308407990e-01       5.028794157440e-02 
       5.202318628386e-01       4.963746436993e-02 
       5.233328850162e-01       4.899755760532e-02 
       5.264339073294e-01       4.836910025064e-02 
       5.295349297758e-01       4.775207303000e-02 
       5.326359523530e-01       4.714716716623e-02 
       5.357369750589e-01       4.655345003140e-02 
       5.388379978910e-01       4.597151982155e-02 
       5.419390208474e-01       4.540068403037e-02 
       5.450400439257e-01       4.484261296028e-02 
       5.481410671241e-01       4.429531533671e-02 
       5.512420904404e-01       4.375922437011e-02 
       5.543431138726e-01       4.323335760981e-02 
       5.574441374189e-01       4.271601563620e-02 
       5.605451610773e-01       4.220736023524e-02 
       5.636461848459e-01       4.170607238739e-02 
       5.667472087230e-01       4.121290518552e-02 
       5.698482327068e-01       4.072937361823e-02 
       5.729492567955e-01       4.025049199873e-02 
       5.760502809874e-01       3.977832907640e-02 
       5.791513052809e-01       3.931422703979e-02 
       5.822523296744e-01       3.885691718726e-02 
       5.853533541662e-01       3.840543972626e-02 
       5.884543787547e-01       3.796136691799e-02 
       5.915554034386e-01       3.752407500044e-02 
       5.946564282162e-01       3.709338071876e-02 
       5.977574530862e-01       3.667016012372e-02 
       6.008584780470e-01       3.625489370893e-02 
       6.039595030973e-01       3.584620434716e-02 
       6.070605282357e-01       3.544458607391e-02 
       6.101615534608e-01       3.504954808113e-02 
       6.132625787714e-01       3.466055939965e-02 
       6.163636041661e-01       3.427789994422e-02 
       6.194646296437e-01       3.390204002903e-02 
       6.225656552030e-01       3.353187693654e-02 
       6.256666808426e-01       3.316758754912e-02 
       6.287677065615e-01       3.280945167459e-02 
       6.318687323584e-01       3.245538117987e-02 
       6.349697582322e-01       3.210674089317e-02 
       6.380707841818e-01       3.176228214539e-02 
       6.411718102061e-01       3.142341741191e-02 
       6.442728363040e-01       3.108911879622e-02 
       6.473738624744e-01       3.076011606612e-02 
       6.504748887164e-01       3.043586127548e-02 
       6.535759150288e-01       3.011603437129e-02 
       6.566769414107e-01       2.980072970457e-02 
       6.597779678610e-01       2.948961423490e-02 
       6.628789943790e-01       2.918352193030e-02 
       6.659800209635e-01       2.888142068369e-02 
       6.690810476136e-01       2.858404423962e-02 
       6.721820743285e-01       2.829135892786e-02 
       6.752831011073e-01       2.800321134012e-02 
       6.783841279491e-01       2.771918968211e-02 
       6.814851548529e-01       2.743914714732e-02 
       6.845861818180e-01       2.716285084705e-02 
       6.876872088436e-01       2.689035404039e-02 
       6.907882359288e-01       2.662188329703e-02 
       6.938892630728e-01       2.635715710994e-02 
       6.969902902749e-01       2.609623551380e-02 
       7.000913175342e-01       2.583905806398e-02 
       7.031923448500e-01       2.558523173127e-02 
       7.062933722216e-01       2.533429248899e-02 
       7.093943996482e-01       2.508702420370e-02 
       7.124954271291e-01       2.484286670697e-02 
       7.155964546636e-01       2.460185172827e-02 
       7.186974822509e-01       2.436436761607e-02 
       7.217985098906e-01       2.413026288188e-02 
       7.248995375817e-01       2.389917258896e-02 
       7.280005653238e-01       2.367158040273e-02 
       7.464455758151e-01       2.237554005798e-02 
       7.651667369126e-01       2.116056671919e-02 
       7.841776806813e-01       2.001848802048e-02 
       8.034934156659e-01       1.894404216179e-02 
       8.231301147915e-01       1.793245464834e-02 
       8.431049008713e-01       1.697901221469e-02 
       8.634356368620e-01       1.607968218721e-02 
       8.841407268964e-01       1.523078363734e-02 
       9.052389329755e-01       1.442864334590e-02 
       9.267492110784e-01       1.367030237288e-02 
       9.486905693738e-01       1.295300363064e-02 
       9.710819502047e-01       1.227325256657e-02 
       9.939421365888e-01       1.162991047221e-02 
       1.017289683121e+00       1.101974984739e-02 
       1.041142870404e+00       1.044182408178e-02 
       1.065519681468e+00       9.893607520669e-03 
       1.090437798090e+00       9.373760526171e-03 
       1.115914614496e+00       8.880973177359e-03 
       1.141967265644e+00       8.413462867774e-03 
       1.168612667124e+00       7.969232688149e-03 
       1.195867563719e+00       7.548772785084e-03 
       1.223748583763e+00       7.149354830340e-03 
       1.252272296696e+00       6.770820729849e-03 
       1.281455271503e+00       6.411331107091e-03 
       1.311314134122e+00       6.070341554700e-03 
       1.341865622330e+00       5.747221072559e-03 
       1.373126636993e+00       5.439811129981e-03 
       1.405114289018e+00       5.149901270513e-03 
       1.437845941636e+00       4.874135753106e-03 
       1.471339247998e+00       4.612689961361e-03 
       1.505612184263e+00       4.364419484125e-03 
       1.540683078543e+00       4.129879296746e-03 
       1.576570636173e+00       3.907594430058e-03 
       1.613293961846e+00       3.696459181446e-03 
       1.650872579130e+00       3.496102115311e-03 
       1.689326447901e+00       3.306697084098e-03 
       1.728675980162e+00       3.126157814085e-03 
       1.768942054649e+00       2.956951866408e-03 
       1.810146030594e+00       2.795803977379e-03 
       1.852309760920e+00       2.643213151428e-03 
       1.895455605103e+00       2.499091295356e-03 
       1.939606441877e+00       2.361942729640e-03 
       1.984785681927e+00       2.233518134643e-03 
       2.031017280652e+00       2.109136290681e-03 
       2.078325751098e+00       1.994559167207e-03 
       2.126736177086e+00       1.883426427873e-03 
       2.176274226598e+00       1.779194975584e-03 
       2.226966165435e+00       1.680870818781e-03 
       2.278838871174e+00       1.587583484299e-03 
       2.331919847426e+00       1.499337272979e-03 
       2.386237238440e+00       1.415828727434e-03 
       2.441819844019e+00       1.337114555970e-03 
       2.498697134798e+00       1.262385961427e-03 
       2.556899267871e+00       1.191052734872e-03 
       2.616457102781e+00       1.124583337373e-03 
       2.677402217879e+00       1.060804888843e-03 
       2.739766927073e+00       1.000717024213e-03 
       2.803584296956e+00       9.449552040902e-04 
       2.868888164343e+00       8.909345933859e-04 
       2.935713154210e+00       8.400465452070e-04 
       3.004094698049e+00       7.932705251221e-04 
       3.074069052662e+00       7.478436673502e-04 
       3.145673319376e+00       7.053156777476e-04 
       3.218945463722e+00       6.639146498254e-04 
       3.293924335560e+00       6.257370755030e-04 
       3.370649689682e+00       5.890925485001e-04 
       3.449162206885e+00       5.564715946056e-04 
       3.529503515545e+00       5.217054551756e-04 
       3.611716213687e+00       4.922227982708e-04 
       3.695843891573e+00       4.628184538863e-04 
       3.781931154810e+00       4.371822223203e-04 
       3.870023648006e+00       4.109471051947e-04 
       3.960168078965e+00       3.852774423424e-04 
       4.052412243459e+00       3.639589944422e-04 
       4.146805050564e+00       3.420977868006e-04 
       4.243396548597e+00       3.214724128947e-04 
       4.342237951647e+00       3.017296723356e-04 
       4.443381666736e+00       2.832220160724e-04 
       4.546881321600e+00       2.652700758602e-04 
       4.652791793126e+00       2.494648329638e-04 
       4.761169236447e+00       2.335648601318e-04 
       4.872071114719e+00       2.164014819639e-04 
       4.985556229585e+00       2.034125577739e-04 
       5.101684752356e+00       1.910600328137e-04 
       5.220518255912e+00       1.743588083552e-04 
       5.342119747348e+00       1.683821831147e-04 
       5.466553701386e+00       1.568740300948e-04 
       5.593886094555e+00       1.457447322729e-04 
       5.724184440175e+00       1.364284936410e-04 
       5.857517824153e+00       1.322920539089e-04 
       5.993956941616e+00       1.210769580425e-04 
       6.133574134388e+00       1.167764393531e-04 
       6.276443429353e+00       9.118715295398e-05 
       6.422640577704e+00       9.691937312940e-05 
       6.572243095103e+00       8.462418310031e-05 
       6.725330302784e+00       7.770125618847e-05 
       6.881983369612e+00       7.142948519747e-05 
       7.042285355117e+00       6.452750355638e-05 
       7.206321253533e+00       5.912955893694e-05 
       7.374178038864e+00       5.461915905112e-05 
       7.545944711000e+00       4.944809711864e-05 
       7.721712342904e+00       4.530575884487e-05 
       7.901574128902e+00       4.081212941608e-05 
       8.085625434092e+00       3.121092903723e-05 
       8.273963844913e+00       6.028944845767e-05 
       8.466689220884e+00       2.774769512414e-05 
       8.663903747550e+00       3.666438211848e-05 
       8.865711990663e+00       3.289025831892e-05 
       9.072220951624e+00       2.108197276888e-05 
       9.283540124220e+00       3.549091442804e-05 
       9.499781552672e+00       2.672384422944e-05 
       9.721059891047e+00       1.194142170523e-05 
       9.947492464050e+00       1.194041555186e-05 
       1.017919932923e+01       1.463631333872e-05 
       1.041630334063e+01       7.500908184935e-06 
       1.065893021393e+01       1.779019664084e-05 
       1.090720859313e+01       1.650334250536e-05 
       1.116127011869e+01       2.946571082946e-06 
       1.142124949741e+01       7.555150389404e-06 
       1.168728457379e+01       5.730162564928e-06 
       1.195951640315e+01       1.150966857625e-06 
       1.223808932641e+01       7.609357149319e-06 
       1.252315104662e+01       1.609823247159e-05 
       1.281485270728e+01       2.117962290181e-06 
       1.311334897247e+01       2.003491976621e-06 
       1.341879810886e+01       4.156447963528e-07 
       1.373136206963e+01       8.158955236245e-07 
       1.405120658032e+01       2.393195087700e-07 
       1.437850122673e+01       3.875604141949e-07 
       1.471341954482e+01       2.869100932442e-07 
       1.505613911270e+01       5.277007485816e-07 
       1.540684164483e+01       2.169170508906e-06 
       1.576571308833e+01       3.817680744099e-08 
       1.613294372160e+01       1.661373863555e-06 
       1.650872825517e+01       1.346221177117e-06 
       1.689326593498e+01       2.757964666427e-06 
       1.728676064800e+01       3.261963886044e-07 
       1.768942103034e+01       2.742727863294e-07 
       1.810146057785e+01       8.190843619015e-07 
       1.852309775936e+01       5.631080690153e-06 
       1.895455613248e+01       2.557629262965e-06 
       1.939606446216e+01       1.410592882623e-05 
       1.984785684196e+01       6.492616374588e-06 
       2.031017281816e+01       3.238744897350e-06 
       2.078325751684e+01       8.588634062362e-06 
       2.126736177375e+01       2.196961821437e-06 
       2.176274226738e+01       7.158001608988e-07 
       2.226966165502e+01       2.569126353107e-06 
       2.278838871204e+01       4.881324180569e-06 
       2.331919847440e+01       5.744128962615e-06 
       2.386237238446e+01       1.627437293862e-06 
       2.441819844021e+01       6.424286033636e-06 
       2.498697134799e+01       2.802329270761e-06 
       2.556899267872e+01       4.168648414143e-08 
       2.616457102781e+01       5.367199291463e-07 
       2.677402217879e+01       1.304157931585e-06 
       2.739766927073e+01       2.327811664015e-06 
       2.803584296956e+01       1.282798149494e-06 
       2.868888164343e+01       9.417785836632e-07 
       2.935713154210e+01       1.030669807433e-07 
       3.004094698049e+01       4.653293735670e-07 
       3.074069052662e+01       5.004762052637e-07 
       3.145673319376e+01       6.413755607979e-08 
       3.218945463722e+01       2.766484196995e-07 
       3.293924335560e+01       8.797819291456e-07 
       3.370649689682e+01       1.071843987488e-09 
       3.449162206885e+01       1.375498813094e-06 
       3.529503515545e+01       8.257402607685e-09 
       3.611716213687e+01       7.338922266040e-08 
       3.695843891573e+01       1.284999681273e-07 
       3.781931154810e+01       1.460023757847e-06 
       3.870023648006e+01       1.308835100869e-11 
       3.960168078965e+01       1.658320691758e-07 
       4.052412243459e+01       7.441055960766e-07 
       4.146805050564e+01       3.819664430408e-07 
       4.243396548597e+01       4.077500178297e-08 
       4.342237951647e+01       1.702793799062e-06 
       4.443381666736e+01       4.641846567776e-07 
       4.546881321600e+01       4.865260086287e-08 
       4.652791793126e+01       1.181705379110e-07 
       4.761169236447e+01       3.791494005283e-08 
       4.872071114719e+01       3.696952656797e-07 
       4.985556229585e+01       2.348634739102e-08 
       5.101684752356e+01       7.397382844517e-07 
       5.220518255912e+01       1.883580614046e-07 
       5.342119747348e+01       5.174676757908e-07 
       5.466553701386e+01       1.171950533498e-06 
       5.593886094555e+01       2.373534892159e-07 
       5.724184440175e+01       2.438309416168e-07 
       5.857517824153e+01       6.687339409738e-09 
       5.993956941616e+01       7.976273844323e-07 
       6.133574134388e+01       1.171709408627e-06 
       6.276443429353e+01       6.432329319450e-09 
       6.422640577704e+01       1.078351620067e-06 
       6.572243095103e+01       4.798644055629e-07 
       6.725330302784e+01       2.783482453081e-06 
       6.881983369612e+01       4.238466023355e-08 
       7.042285355117e+01       8.520860098817e-07 
       7.206321253533e+01       8.349847546160e-07 
       7.374178038864e+01       2.570088205809e-08 
       7.545944711000e+01       1.884165800793e-06 
       7.721712342904e+01       8.272769855580e-09 
       7.901574128902e+01       3.840366413556e-06 
       8.085625434092e+01       6.346467435447e-07 
       8.273963844913e+01       4.360353908105e-07 
       8.466689220884e+01       7.202626586467e-07 
       8.663903747550e+01       1.857328540290e-06 
       8.865711990663e+01       6.981348016981e-08 
       9.072220951624e+01       9.920574064932e-07 
       9.283540124220e+01       7.587588948551e-08 
       9.499781552671e+01       1.067767749609e-07 
       9.721059891047e+01       1.886894182258e-07 
       9.947492464050e+01       2.174373014121e-07 
       1.017919932923e+02       4.663150756608e-07 
       1.041630334063e+02       3.006580125410e-07 
       1.065893021393e+02       2.273567029818e-08 
       1.090720859313e+02       1.032010662540e-07 
       1.116127011869e+02       2.328171557672e-07 
       1.142124949741e+02       4.499654594289e-07 
       1.168728457379e+02       1.640864311219e-08 
       1.195951640315e+02       1.859405190845e-07 
       1.223808932641e+02       2.761025370604e-07 
       1.252315104662e+02       7.750233376544e-07 
       1.281485270728e+02       2.880119005446e-06 
       1.311334897247e+02       3.944940192185e-09 
       1.341879810886e+02       7.439098571526e-07 
       1.373136206963e+02       1.176054752523e-07 
       1.405120658032e+02       1.640994796132e-06 
       1.437850122673e+02       3.457131783359e-07 
       1.471341954482e+02       1.472974844348e-07 
       1.505613911270e+02       3.207553610942e-08 
       1.540684164483e+02       2.426233058212e-08 
       1.576571308833e+02       5.989519161774e-08 
       1.613294372160e+02       4.629843302485e-08 
       1.650872825517e+02       6.641082749832e-09 
       1.689326593498e+02       1.825708188273e-07 
       1.728676064800e+02       1.975213049896e-07 
       1.768942103034e+02       2.117657780603e-06 
       1.810146057785e+02       9.778240501031e-08 
       1.852309775936e+02       1.016723710958e-09 
       1.895455613248e+02       1.234271570136e-07 
       1.939606446216e+02       6.283146501380e-08 
       1.984785684196e+02       3.017899464780e-07 
       2.031017281816e+02       3.278112872825e-08 
