# Matter power spectrum P(k) at redshift z=99
# for k=1.00899e-05 to 203.102 h/Mpc,
# number of wavenumbers equal to 845
#    1:k (h/Mpc)              2:P (Mpc/h)^3        
       1.008985923385e-05       8.603007917457e-03 
       2.251775554930e-05       1.859275926370e-02 
       3.498636120606e-05       2.838317048984e-02 
       4.752690065129e-05       3.808707102453e-02 
       6.017107953816e-05       4.776664906127e-02 
       7.295134796828e-05       5.746726278535e-02 
       8.590117159567e-05       6.722686435036e-02 
       9.905531396721e-05       7.707982704209e-02 
       1.124501335013e-04       8.705887250199e-02 
       1.261238985365e-04       9.719621447795e-02 
       1.401171238971e-04       1.075243306683e-01 
       1.544729323969e-04       1.180765414530e-01 
       1.692374446017e-04       1.288874988232e-01 
       1.844601999509e-04       1.399936127883e-01 
       2.001946119308e-04       1.514334601215e-01 
       2.164984593225e-04       1.632481813160e-01 
       2.334344144963e-04       1.754818786057e-01 
       2.510706081659e-04       1.881820219662e-01 
       2.694812277618e-04       2.013998538006e-01 
       2.887471434300e-04       2.151908103509e-01 
       3.089565513521e-04       2.296149300738e-01 
       3.302056183397e-04       2.447372488802e-01 
       3.525991041884e-04       2.606281740434e-01 
       3.762509288441e-04       2.773637903100e-01 
       4.012846398935e-04       2.950260925098e-01 
       4.278337223492e-04       3.137030868891e-01 
       4.560416776520e-04       3.334887107152e-01 
       4.860617833901e-04       3.544825230082e-01 
       5.180564314341e-04       3.767890766539e-01 
       5.521959331310e-04       4.005169161806e-01 
       5.886566802046e-04       4.257771275902e-01 
       6.276185644258e-04       4.526813587927e-01 
       6.692615935926e-04       4.813393130510e-01 
       7.137617004578e-04       5.118557045717e-01 
       7.612858262925e-04       5.443267462137e-01 
       8.119864673565e-04       5.788363209768e-01 
       8.659959883789e-04       6.154520794911e-01 
       9.234211117495e-04       6.542217155469e-01 
       9.843380585498e-04       6.951697974774e-01 
       1.048788822721e-03       7.382954377083e-01 
       1.116778987109e-03       7.835711246560e-01 
       1.188277341859e-03       8.309428185634e-01 
       1.263217364320e-03       8.803315689256e-01 
       1.341500404014e-03       9.316444831481e-01 
       1.423000230117e-03       9.847546940261e-01 
       1.507568477514e-03       1.039526713130e+00 
       1.595040487398e-03       1.095814363538e+00 
       1.685241075052e-03       1.153464974692e+00 
       1.777989849946e-03       1.212323166147e+00 
       1.873105833493e-03       1.272234125018e+00 
       1.970411241375e-03       1.333046301559e+00 
       2.069734401352e-03       1.394613374536e+00 
       2.170911854437e-03       1.456795777444e+00 
       2.273789735608e-03       1.519461679917e+00 
       2.378224553543e-03       1.582487398633e+00 
       2.484083493407e-03       1.645757761979e+00 
       2.591244358870e-03       1.709165794107e+00 
       2.699595254824e-03       1.772612989350e+00 
       2.809034094888e-03       1.836008390563e+00 
       2.919468000394e-03       1.899268652627e+00 
       3.030812641761e-03       1.962317219295e+00 
       3.142991559685e-03       2.025084430682e+00 
       3.255935492585e-03       2.087506140457e+00 
       3.369581728141e-03       2.149524217184e+00 
       3.483873490193e-03       2.211085492930e+00 
       3.598759367421e-03       2.272142213913e+00 
       3.714192786759e-03       2.332650010556e+00 
       3.830131532053e-03       2.392569659823e+00 
       3.946537306880e-03       2.451864818161e+00 
       4.063375339396e-03       2.510503857164e+00 
       4.180614026477e-03       2.568456930109e+00 
       4.298224614140e-03       2.625698889083e+00 
       4.416180911106e-03       2.682206274849e+00 
       4.534459032436e-03       2.737958139489e+00 
       4.653037170281e-03       2.792936901468e+00 
       4.771895388998e-03       2.847126189527e+00 
       4.891015442065e-03       2.900513179782e+00 
       5.010380608463e-03       2.953085760568e+00 
       5.129975546421e-03       3.004833273537e+00 
       5.249786162607e-03       3.055748781619e+00 
       5.369799495068e-03       3.105824912930e+00 
       5.490003608392e-03       3.155057858956e+00 
       5.610387499743e-03       3.203443303040e+00 
       5.730941014549e-03       3.250978518972e+00 
       5.851654770797e-03       3.297662803927e+00 
       5.972520090970e-03       3.343496844483e+00 
       6.093528940795e-03       3.388480891507e+00 
       6.214673874059e-03       3.432617124601e+00 
       6.335947982840e-03       3.475908895848e+00 
       6.457344852562e-03       3.518358626306e+00 
       6.578858521367e-03       3.559972490355e+00 
       6.700483443346e-03       3.600755051328e+00 
       6.822214455222e-03       3.640710773189e+00 
       6.944046746129e-03       3.679847058215e+00 
       7.065975830168e-03       3.718170943697e+00 
       7.187997521452e-03       3.755687542931e+00 
       7.310107911398e-03       3.792407328568e+00 
       7.432303348035e-03       3.828337436537e+00 
       7.554580417124e-03       3.863485735351e+00 
       7.676935924931e-03       3.897858848044e+00 
       7.799366882465e-03       3.931467407821e+00 
       7.921870491067e-03       3.964320192770e+00 
       8.044444129208e-03       3.996425716907e+00 
       8.167085340379e-03       4.027793392817e+00 
       8.289791821990e-03       4.058431288603e+00 
       8.412561415158e-03       4.088350241557e+00 
       8.535392095331e-03       4.117558614417e+00 
       8.658281963652e-03       4.146065408606e+00 
       8.781229239010e-03       4.173879110124e+00 
       8.904232250708e-03       4.201011556600e+00 
       9.027289431704e-03       4.227469388995e+00 
       9.150399312368e-03       4.253261824133e+00 
       9.273560514714e-03       4.278398648426e+00 
       9.396771747065e-03       4.302888228171e+00 
       9.520031799123e-03       4.326738840223e+00 
       9.643339537395e-03       4.349960381541e+00 
       9.766693900965e-03       4.372558972721e+00 
       9.890093897566e-03       4.394545422547e+00 
       1.001353859994e-02       4.415927820172e+00 
       1.013702714247e-02       4.436711893093e+00 
       1.026055871802e-02       4.456907044243e+00 
       1.038413257505e-02       4.476520567099e+00 
       1.050774801489e-02       4.495563303743e+00 
       1.063140438921e-02       4.514035916284e+00 
       1.075510109773e-02       4.531953667899e+00 
       1.087883758598e-02       4.549318681193e+00 
       1.100261334330e-02       4.566137676636e+00 
       1.112642790095e-02       4.582419361389e+00 
       1.125028083038e-02       4.598171050640e+00 
       1.137417174154e-02       4.613398193003e+00 
       1.149810028141e-02       4.628109140138e+00 
       1.162206613256e-02       4.642306946052e+00 
       1.174606901183e-02       4.656001421877e+00 
       1.187010866910e-02       4.669197283403e+00 
       1.199418488617e-02       4.681902161130e+00 
       1.211829747567e-02       4.694118126466e+00 
       1.224244628010e-02       4.705855856986e+00 
       1.236663117090e-02       4.717118843821e+00 
       1.249085204757e-02       4.727912812905e+00 
       1.261510883696e-02       4.738244877436e+00 
       1.273940149246e-02       4.748117927487e+00 
       1.286372999336e-02       4.757541946804e+00 
       1.298809434421e-02       4.766518852632e+00 
       1.311249457428e-02       4.775054271880e+00 
       1.323693073698e-02       4.783154322044e+00 
       1.336140290942e-02       4.790825618800e+00 
       1.348591119193e-02       4.798071984969e+00 
       1.361045570765e-02       4.804901726896e+00 
       1.373503660222e-02       4.811313961657e+00 
       1.385965404336e-02       4.817319495963e+00 
       1.398430822064e-02       4.822920670355e+00 
       1.410899934517e-02       4.828124883935e+00 
       1.423372764937e-02       4.832933416213e+00 
       1.435849338678e-02       4.837356026336e+00 
       1.448329683185e-02       4.841394077906e+00 
       1.460813827981e-02       4.845053283014e+00 
       1.473301804651e-02       4.848339744763e+00 
       1.485793646835e-02       4.851260276426e+00 
       1.498289390217e-02       4.853813456641e+00 
       1.510789072521e-02       4.856011560384e+00 
       1.523292733507e-02       4.857853986955e+00 
       1.535800414968e-02       4.859346804917e+00 
       1.548312160735e-02       4.860498517292e+00 
       1.560828016672e-02       4.861311229420e+00 
       1.573348030688e-02       4.861784983481e+00 
       1.585872252741e-02       4.861929957851e+00 
       1.598400734844e-02       4.861751156908e+00 
       1.610933531079e-02       4.861250864113e+00 
       1.623470697605e-02       4.860434616054e+00 
       1.636012292677e-02       4.859309363640e+00 
       1.648558376655e-02       4.857873689131e+00 
       1.661109012028e-02       4.856137411462e+00 
       1.673664263428e-02       4.854101907201e+00 
       1.686224197652e-02       4.851775234132e+00 
       1.698788883685e-02       4.849159711341e+00 
       1.711358392725e-02       4.846255833025e+00 
       1.723932798205e-02       4.843074781749e+00 
       1.736512175823e-02       4.839615780792e+00 
       1.749096603570e-02       4.835883296413e+00 
       1.761686161762e-02       4.831884313547e+00 
       1.774280933070e-02       4.827628132558e+00 
       1.786881002554e-02       4.823103851999e+00 
       1.799486457700e-02       4.818330046620e+00 
       1.812097388457e-02       4.813303906138e+00 
       1.824713887274e-02       4.808027482262e+00 
       1.837336049141e-02       4.802510279975e+00 
       1.849963971633e-02       4.796755138706e+00 
       1.862597754953e-02       4.790760208673e+00 
       1.875237501977e-02       4.784536402348e+00 
       1.887883318301e-02       4.778083902964e+00 
       1.900535312294e-02       4.771411417128e+00 
       1.913193595143e-02       4.764515117516e+00 
       1.925858280911e-02       4.757404900885e+00 
       1.938529486592e-02       4.750077993388e+00 
       1.951207332163e-02       4.742545432851e+00 
       1.963891940648e-02       4.734804554487e+00 
       1.976583438176e-02       4.726870645977e+00 
       1.989281954046e-02       4.718727127793e+00 
       2.001987620788e-02       4.710393244899e+00 
       2.014700574237e-02       4.701871885823e+00 
       2.027420953594e-02       4.693158225011e+00 
       2.040148901504e-02       4.684261831850e+00 
       2.052884564128e-02       4.675183895785e+00 
       2.065628091220e-02       4.665928707244e+00 
       2.078379636203e-02       4.656504273297e+00 
       2.091139356253e-02       4.646897899872e+00 
       2.103907412384e-02       4.637132988394e+00 
       2.116683969530e-02       4.627201696741e+00 
       2.129469196640e-02       4.617108942492e+00 
       2.142263266765e-02       4.606852886850e+00 
       2.155066357157e-02       4.596453669194e+00 
       2.167878649364e-02       4.585904605565e+00 
       2.180700329333e-02       4.575192061929e+00 
       2.193531587513e-02       4.564343623545e+00 
       2.206372618964e-02       4.553348206473e+00 
       2.219223623466e-02       4.542222496421e+00 
       2.232084805636e-02       4.530952423077e+00 
       2.244956375042e-02       4.519550734796e+00 
       2.257838546331e-02       4.508014959774e+00 
       2.270731539347e-02       4.496359696061e+00 
       2.283635579267e-02       4.484575594359e+00 
       2.296550896730e-02       4.472660074427e+00 
       2.309477727980e-02       4.460645768825e+00 
       2.322416315002e-02       4.448514395511e+00 
       2.335366905675e-02       4.436254200629e+00 
       2.348329753921e-02       4.423887344762e+00 
       2.361305119861e-02       4.411414483796e+00 
       2.374293269977e-02       4.398836067175e+00 
       2.387294477280e-02       4.386161408615e+00 
       2.400309021484e-02       4.373377845440e+00 
       2.413337189178e-02       4.360507135565e+00 
       2.426379274017e-02       4.347539205583e+00 
       2.439435576908e-02       4.334469288378e+00 
       2.452506406208e-02       4.321319599444e+00 
       2.465592077927e-02       4.308076743442e+00 
       2.478692915937e-02       4.294760859752e+00 
       2.491809252189e-02       4.281348559925e+00 
       2.504941426942e-02       4.267856206768e+00 
       2.518089788986e-02       4.254297444003e+00 
       2.531254695892e-02       4.240659755429e+00 
       2.544436514254e-02       4.226952076931e+00 
       2.557635619949e-02       4.213159632569e+00 
       2.570852398403e-02       4.199316759990e+00 
       2.584087244865e-02       4.185408543236e+00 
       2.597340564696e-02       4.171414135655e+00 
       2.610612773662e-02       4.157381131052e+00 
       2.623904298241e-02       4.143275814389e+00 
       2.637215575941e-02       4.129114828183e+00 
       2.650547055630e-02       4.114903836419e+00 
       2.663899197875e-02       4.100626414058e+00 
       2.677272475300e-02       4.086311664880e+00 
       2.690667372948e-02       4.071943796770e+00 
       2.704084388668e-02       4.057517603542e+00 
       2.717524033506e-02       4.043058615808e+00 
       2.730986832117e-02       4.028559132719e+00 
       2.744473323193e-02       4.014011599892e+00 
       2.757984059904e-02       3.999411214659e+00 
       2.771519610360e-02       3.984787450862e+00 
       2.785080558089e-02       3.970133825691e+00 
       2.798667502534e-02       3.955423670586e+00 
       2.812281059571e-02       3.940699380728e+00 
       2.825921862046e-02       3.925929278361e+00 
       2.839590560337e-02       3.911138397856e+00 
       2.853287822937e-02       3.896318497726e+00 
       2.867014337060e-02       3.881463748404e+00 
       2.880770809274e-02       3.866590700981e+00 
       2.894557966159e-02       3.851690399019e+00 
       2.908376554997e-02       3.836779825391e+00 
       2.922227344485e-02       3.821838328256e+00 
       2.936111125486e-02       3.806878392854e+00 
       2.950028711803e-02       3.791898153680e+00 
       2.963980940998e-02       3.776905077171e+00 
       2.977968675242e-02       3.761891283570e+00 
       2.991992802197e-02       3.746867836349e+00 
       3.006054235952e-02       3.731834017014e+00 
       3.020153917986e-02       3.716784164034e+00 
       3.034292818185e-02       3.701727083814e+00 
       3.048471935906e-02       3.686660897256e+00 
       3.062692301082e-02       3.671572871822e+00 
       3.076954975391e-02       3.656505614431e+00 
       3.091261053472e-02       3.641419188022e+00 
       3.105611664203e-02       3.626327993680e+00 
       3.120007972039e-02       3.611233788557e+00 
       3.134451178417e-02       3.596121802625e+00 
       3.148942523232e-02       3.581025298335e+00 
       3.163483286384e-02       3.565927029565e+00 
       3.178074789403e-02       3.550832171435e+00 
       3.192718397158e-02       3.535725609859e+00 
       3.207415519655e-02       3.520627642274e+00 
       3.222167613928e-02       3.505532762569e+00 
       3.236976186026e-02       3.490437971221e+00 
       3.251842793110e-02       3.475352143662e+00 
       3.266769045662e-02       3.460260840566e+00 
       3.281756609808e-02       3.445204840434e+00 
       3.296807209781e-02       3.430130083056e+00 
       3.311922630503e-02       3.415077237367e+00 
       3.327104720329e-02       3.400005792177e+00 
       3.342355393934e-02       3.384963354365e+00 
       3.357676635374e-02       3.369909725856e+00 
       3.373070501315e-02       3.354890930573e+00 
       3.388539124463e-02       3.339871190645e+00 
       3.404084717188e-02       3.324861024100e+00 
       3.419709575366e-02       3.309856221585e+00 
       3.435416082463e-02       3.294875127825e+00 
       3.451206713858e-02       3.279901081551e+00 
       3.467084041444e-02       3.264917046845e+00 
       3.483050738512e-02       3.249957310001e+00 
       3.499109584951e-02       3.235022299684e+00 
       3.515263472782e-02       3.220092985788e+00 
       3.531515412053e-02       3.205174143540e+00 
       3.547868537122e-02       3.190259051593e+00 
       3.564326113364e-02       3.175363114403e+00 
       3.580891544335e-02       3.160476716357e+00 
       3.597568379423e-02       3.145604594575e+00 
       3.614360322038e-02       3.130748174113e+00 
       3.631271238380e-02       3.115891636306e+00 
       3.648305166828e-02       3.101047631482e+00 
       3.665466328025e-02       3.086229485934e+00 
       3.682759135694e-02       3.071413489115e+00 
       3.700188208264e-02       3.056615877715e+00 
       3.717758381384e-02       3.041823741987e+00 
       3.735474721393e-02       3.027036366078e+00 
       3.753342539844e-02       3.012257257865e+00 
       3.771367409180e-02       2.997494502804e+00 
       3.789555179669e-02       2.982743356144e+00 
       3.807911997726e-02       2.967989020892e+00 
       3.826444325751e-02       2.953254413110e+00 
       3.845158963647e-02       2.938520947937e+00 
       3.864063072175e-02       2.923794633645e+00 
       3.883164198345e-02       2.909067454859e+00 
       3.902470303062e-02       2.894347685451e+00 
       3.921989791253e-02       2.879629967030e+00 
       3.941731544758e-02       2.864911727712e+00 
       3.961704958289e-02       2.850193384901e+00 
       3.981919978798e-02       2.835478973435e+00 
       4.002387148648e-02       2.820761793679e+00 
       4.023117653032e-02       2.806040578660e+00 
       4.044123372141e-02       2.791309980674e+00 
       4.065416938658e-02       2.776575837226e+00 
       4.087011801240e-02       2.761834210595e+00 
       4.108922294733e-02       2.747079920332e+00 
       4.131163717982e-02       2.732308403360e+00 
       4.153752420241e-02       2.717527201761e+00 
       4.176705897322e-02       2.702733500585e+00 
       4.200042898802e-02       2.687908806919e+00 
       4.223783547839e-02       2.673075765153e+00 
       4.247949475379e-02       2.658210852930e+00 
       4.272563970839e-02       2.643316793925e+00 
       4.297652151713e-02       2.628393658231e+00 
       4.323241154967e-02       2.613425716693e+00 
       4.349360353592e-02       2.598432608975e+00 
       4.376041602319e-02       2.583388157520e+00 
       4.403319517213e-02       2.568300188806e+00 
       4.431231794788e-02       2.553161478968e+00 
       4.459819577357e-02       2.537961799108e+00 
       4.489127872701e-02       2.522703901037e+00 
       4.519206037738e-02       2.507367579391e+00 
       4.550108337953e-02       2.491966934975e+00 
       4.581894596815e-02       2.476487656701e+00 
       4.614630952536e-02       2.460900498702e+00 
       4.648390743429e-02       2.445216427967e+00 
       4.683255547970e-02       2.429434971193e+00 
       4.719316411816e-02       2.413522474933e+00 
       4.756675301773e-02       2.397485172565e+00 
       4.795446836503e-02       2.381315702626e+00 
       4.835760356241e-02       2.364996040718e+00 
       4.877762409663e-02       2.348482815083e+00 
       4.921619756285e-02       2.331767733838e+00 
       4.967523008562e-02       2.314811584350e+00 
       5.015691070604e-02       2.297622833174e+00 
       5.066376571717e-02       2.280148824195e+00 
       5.119872544391e-02       2.262340207586e+00 
       5.176520658853e-02       2.244178734349e+00 
       5.236721399178e-02       2.225592274116e+00 
       5.300946644312e-02       2.206505922470e+00 
       5.369755187007e-02       2.186840305696e+00 
       5.443811751592e-02       2.166483891930e+00 
       5.523909986870e-02       2.145294518676e+00 
       5.610999570581e-02       2.123082453672e+00 
       5.706216694303e-02       2.099595305314e+00 
       5.810915312358e-02       2.074516261818e+00 
       5.926692834861e-02       2.047385533717e+00 
       6.055397337690e-02       2.017606042188e+00 
       6.199093019779e-02       1.984370486508e+00 
       6.359947941573e-02       1.946622192725e+00 
       6.540001143586e-02       1.903073386110e+00 
       6.740785584535e-02       1.852265329061e+00 
       6.962856954584e-02       1.792846043917e+00 
       7.205402576627e-02       1.723973741134e+00 
       7.466181558845e-02       1.645829354752e+00 
       7.741925945704e-02       1.559917106534e+00 
       8.029037151845e-02       1.468998590567e+00 
       8.324228136121e-02       1.376621526503e+00 
       8.624873568324e-02       1.286491302747e+00 
       8.929066763551e-02       1.201906264699e+00 
       9.235510012400e-02       1.125372006508e+00 
       9.543357075755e-02       1.058437672824e+00 
       9.852071039889e-02       1.001695878547e+00 
       1.016131705669e-01       9.548860530454e-01 
       1.047088850236e-01       9.170579166860e-01 
       1.078065869652e-01       8.867567084723e-01 
       1.109055026927e-01       8.622015268199e-01 
       1.140051606950e-01       8.414618734915e-01 
       1.171052739291e-01       8.226278225161e-01 
       1.202056676986e-01       8.039795620519e-01 
       1.233062356398e-01       7.841182594116e-01 
       1.264069129232e-01       7.620927256036e-01 
       1.295076599588e-01       7.374459468011e-01 
       1.326084524970e-01       7.102161961365e-01 
       1.357092756157e-01       6.808665856962e-01 
       1.388101200703e-01       6.501769496619e-01 
       1.419109800763e-01       6.191025095419e-01 
       1.450118519627e-01       5.886414065360e-01 
       1.481127333536e-01       5.597091883695e-01 
       1.512136226708e-01       5.330615142931e-01 
       1.543145188302e-01       5.092165510266e-01 
       1.574154210577e-01       4.884316416056e-01 
       1.605163287752e-01       4.707398658644e-01 
       1.636172415321e-01       4.559439985602e-01 
       1.667181589622e-01       4.436773505272e-01 
       1.698190807569e-01       4.334199820848e-01 
       1.729200066488e-01       4.246178699310e-01 
       1.760209364009e-01       4.166926102833e-01 
       1.791218697997e-01       4.091637727287e-01 
       1.822228066506e-01       4.014300791113e-01 
       1.853237467746e-01       3.930996602940e-01 
       1.884246900064e-01       3.839255535324e-01 
       1.915256361923e-01       3.738249540759e-01 
       1.946265851889e-01       3.628700702401e-01 
       1.977275368625e-01       3.512595521426e-01 
       2.008284910877e-01       3.392758677926e-01 
       2.039294477471e-01       3.272428885964e-01 
       2.070304067303e-01       3.154692213944e-01 
       2.101313679336e-01       3.042225744611e-01 
       2.132323312595e-01       2.937200681841e-01 
       2.163332966159e-01       2.841092286165e-01 
       2.194342639162e-01       2.754750970018e-01 
       2.225352330786e-01       2.678389762350e-01 
       2.256362040257e-01       2.611444948962e-01 
       2.287371766844e-01       2.552978065890e-01 
       2.318381509857e-01       2.501431398013e-01 
       2.349391268640e-01       2.455000961915e-01 
       2.380401042573e-01       2.411712758674e-01 
       2.411410831068e-01       2.369758134692e-01 
       2.442420633567e-01       2.327605447804e-01 
       2.473430449540e-01       2.284061781894e-01 
       2.504440278483e-01       2.238392371275e-01 
       2.535450119918e-01       2.190281156218e-01 
       2.566459973389e-01       2.139820023618e-01 
       2.597469838462e-01       2.087392402507e-01 
       2.628479714724e-01       2.033722142125e-01 
       2.659489601782e-01       1.979717867974e-01 
       2.690499499260e-01       1.926378428819e-01 
       2.721509406800e-01       1.874691468161e-01 
       2.752519324060e-01       1.825509990956e-01 
       2.783529250714e-01       1.779445318021e-01 
       2.814539186449e-01       1.736822681168e-01 
       2.845549130966e-01       1.697740688806e-01 
       2.876559083981e-01       1.662007787050e-01 
       2.907569045219e-01       1.629304799400e-01 
       2.938579014420e-01       1.599122401413e-01 
       2.969588991332e-01       1.570955601303e-01 
       3.000598975715e-01       1.544247848777e-01 
       3.031608967339e-01       1.518424131592e-01 
       3.062618965982e-01       1.492967003753e-01 
       3.093628971433e-01       1.467433522213e-01 
       3.124638983487e-01       1.441509320524e-01 
       3.155649001950e-01       1.415031046958e-01 
       3.186659026633e-01       1.387990994680e-01 
       3.217669057355e-01       1.360521609963e-01 
       3.248679093943e-01       1.332842558707e-01 
       3.279689136230e-01       1.305225097127e-01 
       3.310699184054e-01       1.277951109491e-01 
       3.341709237261e-01       1.251278508977e-01 
       3.372719295702e-01       1.225447516845e-01 
       3.403729359232e-01       1.200657743516e-01 
       3.434739427715e-01       1.177053707971e-01 
       3.465749501015e-01       1.154722473100e-01 
       3.496759579004e-01       1.133673320325e-01 
       3.527769661558e-01       1.113842203708e-01 
       3.558779748558e-01       1.095075682185e-01 
       3.589789839887e-01       1.077193316108e-01 
       3.620799935433e-01       1.059994884387e-01 
       3.651810035090e-01       1.043285286032e-01 
       3.682820138752e-01       1.026897831956e-01 
       3.713830246319e-01       1.010712531754e-01 
       3.744840357693e-01       9.946328133789e-02 
       3.775850472781e-01       9.786017797230e-02 
       3.806860591491e-01       9.625860382963e-02 
       3.837870713735e-01       9.465853722047e-02 
       3.868880839427e-01       9.306259000074e-02 
       3.899890968486e-01       9.147730908121e-02 
       3.930901100830e-01       8.991063063685e-02 
       3.961911236384e-01       8.837216693044e-02 
       3.992921375071e-01       8.686987701211e-02 
       4.023931516818e-01       8.541024226853e-02 
       4.054941661557e-01       8.399686685503e-02 
       4.085951809217e-01       8.263170948500e-02 
       4.116961959733e-01       8.131372672507e-02 
       4.147972113040e-01       8.004232698342e-02 
       4.178982269077e-01       7.881568389335e-02 
       4.209992427782e-01       7.763113093516e-02 
       4.241002589097e-01       7.648454228507e-02 
       4.272012752965e-01       7.537127546782e-02 
       4.303022919330e-01       7.428489897208e-02 
       4.334033088139e-01       7.322007932061e-02 
       4.365043259339e-01       7.217086606379e-02 
       4.396053432879e-01       7.113468319563e-02 
       4.427063608711e-01       7.010881924837e-02 
       4.458073786786e-01       6.909299614332e-02 
       4.489083967058e-01       6.808794752186e-02 
       4.520094149481e-01       6.709414757125e-02 
       4.551104334010e-01       6.611281023471e-02 
       4.582114520605e-01       6.514501107510e-02 
       4.613124709221e-01       6.419252957931e-02 
       4.644134899819e-01       6.325803527561e-02 
       4.675145092360e-01       6.234367032864e-02 
       4.706155286804e-01       6.145206561318e-02 
       4.737165483114e-01       6.058492220569e-02 
       4.768175681254e-01       5.974183334506e-02 
       4.799185881188e-01       5.892230671002e-02 
       4.830196082881e-01       5.812424538391e-02 
       4.861206286300e-01       5.734568389931e-02 
       4.892216491411e-01       5.658463397817e-02 
       4.923226698183e-01       5.583946367622e-02 
       4.954236906585e-01       5.510882474269e-02 
       4.985247116585e-01       5.439127481368e-02 
       5.016257328155e-01       5.368526260500e-02 
       5.047267541264e-01       5.298902375806e-02 
       5.078277755885e-01       5.230189245704e-02 
       5.109287971991e-01       5.162284015893e-02 
       5.140298189553e-01       5.095207000333e-02 
       5.171308408547e-01       5.029064390377e-02 
       5.202318628946e-01       4.963942926754e-02 
       5.233328850725e-01       4.899934675772e-02 
       5.264339073859e-01       4.837099395369e-02 
       5.295349298326e-01       4.775431451657e-02 
       5.326359524101e-01       4.714917715820e-02 
       5.357369751162e-01       4.655545790495e-02 
       5.388379979486e-01       4.597332390522e-02 
       5.419390209052e-01       4.540274163572e-02 
       5.450400439839e-01       4.484416938829e-02 
       5.481410671825e-01       4.429713541269e-02 
       5.512420904991e-01       4.376102065491e-02 
       5.543431139316e-01       4.323492820588e-02 
       5.574441374781e-01       4.271783892685e-02 
       5.605451611368e-01       4.220908632569e-02 
       5.636461849057e-01       4.170812210765e-02 
       5.667472087831e-01       4.121486753237e-02 
       5.698482327671e-01       4.072935474701e-02 
       5.729492568561e-01       4.025137846488e-02 
       5.760502810483e-01       3.978066277000e-02 
       5.791513053420e-01       3.931672777713e-02 
       5.822523297358e-01       3.885916586363e-02 
       5.853533542278e-01       3.840803823266e-02 
       5.884543788167e-01       3.796336969658e-02 
       5.915554035008e-01       3.752565000987e-02 
       5.946564282787e-01       3.709520869753e-02 
       5.977574531490e-01       3.667231046215e-02 
       6.008584781101e-01       3.625679938888e-02 
       6.039595031606e-01       3.584838968423e-02 
       6.070605282993e-01       3.544665786771e-02 
       6.101615535247e-01       3.505138321297e-02 
       6.132625788356e-01       3.466244615502e-02 
       6.163636042306e-01       3.427989160469e-02 
       6.194646297084e-01       3.390375680748e-02 
       6.225656552679e-01       3.353387346080e-02 
       6.256666809078e-01       3.316985071315e-02 
       6.287677066270e-01       3.281123096487e-02 
       6.318687324242e-01       3.245757235402e-02 
       6.349697582983e-01       3.210864569103e-02 
       6.380707842481e-01       3.176447845773e-02 
       6.411718102727e-01       3.142519035799e-02 
       6.442728363709e-01       3.109097972532e-02 
       6.473738625416e-01       3.076175833448e-02 
       6.504748887838e-01       3.043749992006e-02 
       6.535759150964e-01       3.011784496761e-02 
       6.566769414786e-01       2.980252973281e-02 
       6.597779679293e-01       2.949157711381e-02 
       6.628789944474e-01       2.918505426307e-02 
       6.659800210322e-01       2.888303251963e-02 
       6.690810476827e-01       2.858570582175e-02 
       6.721820743978e-01       2.829328122342e-02 
       6.752831011769e-01       2.800497432436e-02 
       6.783841280189e-01       2.772114014316e-02 
       6.814851549230e-01       2.744105735664e-02 
       6.845861818884e-01       2.716479773152e-02 
       6.876872089143e-01       2.689231999245e-02 
       6.907882359997e-01       2.662366825848e-02 
       6.938892631440e-01       2.635899912412e-02 
       6.969902903463e-01       2.609813741552e-02 
       7.000913176059e-01       2.584102172240e-02 
       7.031923449220e-01       2.558715412193e-02 
       7.062933722939e-01       2.533650024942e-02 
       7.093943997207e-01       2.508908673170e-02 
       7.124954272019e-01       2.484480381598e-02 
       7.155964547367e-01       2.460382647546e-02 
       7.186974823243e-01       2.436634650471e-02 
       7.217985099642e-01       2.413203805407e-02 
       7.248995376556e-01       2.390119663696e-02 
       7.280005653980e-01       2.367328864606e-02 
       7.464455758911e-01       2.237771696118e-02 
       7.651667369904e-01       2.116247195021e-02 
       7.841776807609e-01       2.002057810772e-02 
       8.034934157474e-01       1.894625661683e-02 
       8.231301148749e-01       1.793474534053e-02 
       8.431049009566e-01       1.698135029965e-02 
       8.634356369493e-01       1.608195237655e-02 
       8.841407269858e-01       1.523315106873e-02 
       9.052389330669e-01       1.443118229226e-02 
       9.267492111720e-01       1.367280183007e-02 
       9.486905694695e-01       1.295522739003e-02 
       9.710819503027e-01       1.227582963887e-02 
       9.939421366890e-01       1.163233117361e-02 
       1.017289683224e+00       1.102250467700e-02 
       1.041142870509e+00       1.044448989240e-02 
       1.065519681575e+00       9.896416907458e-03 
       1.090437798200e+00       9.376710678584e-03 
       1.115914614608e+00       8.883817820874e-03 
       1.141967265759e+00       8.416277063553e-03 
       1.168612667242e+00       7.972790307144e-03 
       1.195867563839e+00       7.552042809904e-03 
       1.223748583886e+00       7.152840524593e-03 
       1.252272296823e+00       6.774096984709e-03 
       1.281455271632e+00       6.414842577215e-03 
       1.311314134255e+00       6.074147594269e-03 
       1.341865622465e+00       5.750980471950e-03 
       1.373126637132e+00       5.444474739341e-03 
       1.405114289159e+00       5.153828984731e-03 
       1.437845941780e+00       4.878278303492e-03 
       1.471339248146e+00       4.616987708100e-03 
       1.505612184415e+00       4.369269003346e-03 
       1.540683078698e+00       4.134485265268e-03 
       1.576570636332e+00       3.911917724330e-03 
       1.613293962009e+00       3.701068039820e-03 
       1.650872579296e+00       3.501198982564e-03 
       1.689326448072e+00       3.311873640762e-03 
       1.728675980336e+00       3.132466359558e-03 
       1.768942054827e+00       2.962511119188e-03 
       1.810146030777e+00       2.801571346107e-03 
       1.852309761107e+00       2.649117082107e-03 
       1.895455605294e+00       2.504737561031e-03 
       1.939606442072e+00       2.368048818325e-03 
       1.984785682127e+00       2.238612696040e-03 
       2.031017280857e+00       2.116078630501e-03 
       2.078325751307e+00       2.000081721008e-03 
       2.126736177300e+00       1.890284097431e-03 
       2.176274226817e+00       1.786359710378e-03 
       2.226966165660e+00       1.688017019533e-03 
       2.278838871403e+00       1.594962766862e-03 
       2.331919847661e+00       1.506908114949e-03 
       2.386237238680e+00       1.423593194033e-03 
       2.441819844264e+00       1.344801128443e-03 
       2.498697135050e+00       1.270251069249e-03 
       2.556899268129e+00       1.199737942766e-03 
       2.616457103044e+00       1.133054572888e-03 
       2.677402218149e+00       1.069986370120e-03 
       2.739766927348e+00       1.010355429451e-03 
       2.803584297238e+00       9.539668496009e-04 
       2.868888164632e+00       9.006552469252e-04 
       2.935713154505e+00       8.502589690600e-04 
       3.004094698352e+00       8.026127611176e-04 
       3.074069052971e+00       7.575771143045e-04 
       3.145673319693e+00       7.150111110720e-04 
       3.218945464046e+00       6.747855931318e-04 
       3.293924335892e+00       6.367699409746e-04 
       3.370649690021e+00       6.008464850172e-04 
       3.449162207232e+00       5.669062125796e-04 
       3.529503515900e+00       5.348371235174e-04 
       3.611716214051e+00       5.045351973435e-04 
       3.695843891945e+00       4.759125062856e-04 
       3.781931155191e+00       4.488769031612e-04 
       3.870023648395e+00       4.233374058833e-04 
       3.960168079364e+00       3.992151591575e-04 
       4.052412243867e+00       3.764319504196e-04 
       4.146805050982e+00       3.549175843824e-04 
       4.243396549024e+00       3.346008200800e-04 
       4.342237952085e+00       3.154159536454e-04 
       4.443381667184e+00       2.972986132075e-04 
       4.546881322058e+00       2.801957965670e-04 
       4.652791793594e+00       2.640476733574e-04 
       4.761169236926e+00       2.488009389434e-04 
       4.872071115209e+00       2.344091550401e-04 
       4.985556230087e+00       2.208221579046e-04 
       5.101684752870e+00       2.079970702332e-04 
       5.220518256437e+00       1.958914461307e-04 
       5.342119747886e+00       1.844640562667e-04 
       5.466553701937e+00       1.736785122277e-04 
       5.593886095118e+00       1.635014233910e-04 
       5.724184440751e+00       1.538947736693e-04 
       5.857517824743e+00       1.448294090753e-04 
       5.993956942219e+00       1.362736091725e-04 
       6.133574135006e+00       1.281989689181e-04 
       6.276443429986e+00       1.205801666471e-04 
       6.422640578351e+00       1.133902778474e-04 
       6.572243095764e+00       1.066052827832e-04 
       6.725330303461e+00       1.002031638335e-04 
       6.881983370305e+00       9.416157872767e-05 
       7.042285355826e+00       8.846121782646e-05 
       7.206321254258e+00       8.308307222294e-05 
       7.374178039606e+00       7.800732766805e-05 
       7.545944711760e+00       7.321813863309e-05 
       7.721712343682e+00       6.869938739851e-05 
       7.901574129697e+00       6.443591276254e-05 
       8.085625434906e+00       6.041261121932e-05 
       8.273963845747e+00       5.661706208917e-05 
       8.466689221737e+00       5.303503907488e-05 
       8.663903748422e+00       4.965571664921e-05 
       8.865711991556e+00       4.646756104471e-05 
       9.072220952538e+00       4.345929387221e-05 
       9.283540125155e+00       4.062063485357e-05 
       9.499781553628e+00       3.794287407744e-05 
       9.721059892026e+00       3.541676833774e-05 
       9.947492465052e+00       3.303346875206e-05 
       1.017919933025e+01       3.078525332698e-05 
       1.041630334168e+01       2.866458699314e-05 
       1.065893021501e+01       2.666456252807e-05 
       1.090720859423e+01       2.477861713319e-05 
       1.116127011982e+01       2.300044533220e-05 
       1.142124949856e+01       2.132379775913e-05 
       1.168728457497e+01       1.974395063037e-05 
       1.195951640436e+01       1.825501258510e-05 
       1.223808932764e+01       1.685242532686e-05 
       1.252315104788e+01       1.553190344244e-05 
       1.281485270857e+01       1.428866472469e-05 
       1.311334897379e+01       1.311990243338e-05 
       1.341879811021e+01       1.202016218407e-05 
       1.373136207101e+01       1.098823056416e-05 
       1.405120658174e+01       1.001870031019e-05 
       1.437850122818e+01       9.110112859572e-06 
       1.471341954630e+01       8.258999123593e-06 
       1.505613911421e+01       7.461038931100e-06 
       1.540684164638e+01       6.716321806444e-06 
       1.576571308992e+01       6.021531702257e-06 
       1.613294372322e+01       5.375774596560e-06 
       1.650872825683e+01       4.774777360605e-06 
       1.689326593668e+01       4.217484452857e-06 
       1.728676064974e+01       3.702560354246e-06 
       1.768942103212e+01       3.228192488752e-06 
       1.810146057967e+01       2.792403167022e-06 
       1.852309776122e+01       2.394720977771e-06 
       1.895455613439e+01       2.032849440865e-06 
       1.939606446411e+01       1.704221115138e-06 
       1.984785684395e+01       1.412004166553e-06 
       2.031017282021e+01       1.147851492697e-06 
       2.078325751893e+01       9.165381734462e-07 
       2.126736177589e+01       7.168944062945e-07 
       2.176274226957e+01       5.431874760038e-07 
       2.226966165726e+01       3.956381426836e-07 
       2.278838871434e+01       2.737596049957e-07 
       2.331919847675e+01       1.774358229760e-07 
       2.386237238686e+01       1.027706957582e-07 
       2.441819844267e+01       4.985448594386e-08 
       2.498697135051e+01       1.659003303677e-08 
       2.556899268129e+01       1.351931822791e-09 
       2.616457103045e+01       2.590764085406e-09 
       2.677402218149e+01       1.850741614819e-08 
       2.739766927349e+01       4.773832756031e-08 
       2.803584297238e+01       8.761657648302e-08 
       2.868888164632e+01       1.367417790321e-07 
       2.935713154505e+01       1.934641517990e-07 
       3.004094698352e+01       2.548534734362e-07 
       3.074069052971e+01       3.205289185921e-07 
       3.145673319693e+01       3.872163273312e-07 
       3.218945464046e+01       4.529940199463e-07 
       3.293924335892e+01       5.164225600806e-07 
       3.370649690021e+01       5.775504972776e-07 
       3.449162207232e+01       6.325449623015e-07 
       3.529503515900e+01       6.767704962723e-07 
       3.611716214051e+01       7.143368106923e-07 
       3.695843891945e+01       7.427097301073e-07 
       3.781931155191e+01       7.604522332303e-07 
       3.870023648395e+01       7.679269335061e-07 
       3.960168079364e+01       7.634847053243e-07 
       4.052412243867e+01       7.504090513268e-07 
       4.146805050982e+01       7.216621145447e-07 
       4.243396549024e+01       6.866608042424e-07 
       4.342237952085e+01       6.422997658481e-07 
       4.443381667184e+01       5.904388058194e-07 
       4.546881322058e+01       5.309189349315e-07 
       4.652791793594e+01       4.701002933890e-07 
       4.761169236926e+01       4.036806888439e-07 
       4.872071115209e+01       3.395449641759e-07 
       4.985556230087e+01       2.765605596313e-07 
       5.101684752870e+01       2.166327606023e-07 
       5.220518256437e+01       1.617649671590e-07 
       5.342119747886e+01       1.135030673437e-07 
       5.466553701937e+01       7.394471340869e-08 
       5.593886095118e+01       4.149066252498e-08 
       5.724184440751e+01       1.944577661256e-08 
       5.857517824743e+01       5.583556124514e-09 
       5.993956942219e+01       1.630374513155e-10 
       6.133574135006e+01       2.189198619810e-09 
       6.276443429986e+01       1.033419141153e-08 
       6.422640578351e+01       2.307911891990e-08 
       6.572243095764e+01       3.833241245604e-08 
       6.725330303461e+01       5.612679186696e-08 
       6.881983370305e+01       7.110191958601e-08 
       7.042285355826e+01       8.551975423893e-08 
       7.206321254258e+01       9.498429023516e-08 
       7.374178039606e+01       1.010128946662e-07 
       7.545944711760e+01       1.031837772259e-07 
       7.721712343682e+01       9.932510406020e-08 
       7.901574129697e+01       9.120791160497e-08 
       8.085625434906e+01       7.835938925696e-08 
       8.273963845747e+01       6.685587178671e-08 
       8.466689221737e+01       5.257236346187e-08 
       8.663903748422e+01       3.737240819490e-08 
       8.865711991556e+01       2.328749561911e-08 
       9.072220952538e+01       1.337387577139e-08 
       9.283540125155e+01       4.990134558489e-09 
       9.499781553628e+01       1.408373918358e-09 
       9.721059892026e+01       9.403100850708e-11 
       9.947492465051e+01       1.089800915938e-09 
       1.017919933025e+02       4.328225783832e-09 
       1.041630334168e+02       7.311337487606e-09 
       1.065893021501e+02       1.140564492320e-08 
       1.090720859423e+02       1.432392288875e-08 
       1.116127011982e+02       1.642728613383e-08 
       1.142124949856e+02       1.433709913701e-08 
       1.168728457497e+02       1.325712646093e-08 
       1.195951640436e+02       1.151029561855e-08 
       1.223808932764e+02       7.867310084836e-09 
       1.252315104788e+02       6.760398364839e-09 
       1.281485270857e+02       3.024457541944e-09 
       1.311334897379e+02       1.091741989050e-09 
       1.341879811021e+02       9.112466017293e-11 
       1.373136207101e+02       3.193900890843e-10 
       1.405120658174e+02       9.538092437289e-10 
       1.437850122818e+02       1.555254104527e-09 
       1.471341954630e+02       2.088464188004e-09 
       1.505613911421e+02       2.574072789658e-09 
       1.540684164638e+02       2.583561531923e-09 
       1.576571308992e+02       1.576504598259e-09 
       1.613294372322e+02       1.591203386103e-09 
       1.650872825683e+02       7.566784290329e-10 
       1.689326593668e+02       4.603169497150e-10 
       1.728676064974e+02       5.772595146781e-11 
       1.768942103212e+02       1.636238830666e-14 
       1.810146057967e+02       1.472999744438e-10 
       1.852309776122e+02       2.646571645771e-10 
       1.895455613439e+02       4.897330770107e-10 
       1.939606446411e+02       3.325636663690e-10 
       1.984785684395e+02       4.610059653994e-11 
       2.031017282021e+02       1.902715012939e-10 
