# Matter power spectrum P(k) at redshift z=99
# for k=1.00899e-05 to 203.102 h/Mpc,
# number of wavenumbers equal to 845
#    1:k (h/Mpc)              2:P (Mpc/h)^3        
       1.008985923246e-05       4.868151699596e-03 
       2.251775554681e-05       3.993258348646e-02 
       3.498636120247e-05       4.131493451984e-02 
       4.752690064658e-05       4.678320630161e-02 
       6.017107953230e-05       5.236021534237e-02 
       7.295134796122e-05       6.148036094613e-02 
       8.590117158737e-05       6.929607753723e-02 
       9.905531395762e-05       7.683697430747e-02 
       1.124501334903e-04       8.670016847416e-02 
       1.261238985241e-04       9.661864847914e-02 
       1.401171238832e-04       1.067411036988e-01 
       1.544729323814e-04       1.179910851769e-01 
       1.692374445844e-04       1.285072767874e-01 
       1.844601999316e-04       1.399749846131e-01 
       2.001946119095e-04       1.512308369025e-01 
       2.164984592990e-04       1.635548064969e-01 
       2.334344144703e-04       1.759455718362e-01 
       2.510706081373e-04       1.879861843889e-01 
       2.694812277303e-04       2.012319920260e-01 
       2.887471433953e-04       2.151223025734e-01 
       3.089565513139e-04       2.294847976462e-01 
       3.302056182976e-04       2.445079276196e-01 
       3.525991041420e-04       2.604184174053e-01 
       3.762509287930e-04       2.771424455385e-01 
       4.012846398372e-04       2.948542693676e-01 
       4.278337222871e-04       3.135454659781e-01 
       4.560416775835e-04       3.332971529894e-01 
       4.860617833145e-04       3.543222309525e-01 
       5.180564313506e-04       3.765786215751e-01 
       5.521959330390e-04       4.004350804225e-01 
       5.886566801031e-04       4.256870639890e-01 
       6.276185643138e-04       4.525966395765e-01 
       6.692615934693e-04       4.813032415508e-01 
       7.137617003222e-04       5.118013178006e-01 
       7.612858261435e-04       5.442778304545e-01 
       8.119864671933e-04       5.788152836314e-01 
       8.659959882004e-04       6.154279388885e-01 
       9.234211115549e-04       6.541709134577e-01 
       9.843380583383e-04       6.951341631957e-01 
       1.048788822492e-03       7.382613645828e-01 
       1.116778986862e-03       7.835172109075e-01 
       1.188277341593e-03       8.309052688263e-01 
       1.263217364035e-03       8.802998629503e-01 
       1.341500403710e-03       9.316096928066e-01 
       1.423000229794e-03       9.846839639242e-01 
       1.507568477172e-03       1.039492067456e+00 
       1.595040487038e-03       1.095777851798e+00 
       1.685241074673e-03       1.153418606498e+00 
       1.777989849548e-03       1.212277802985e+00 
       1.873105833077e-03       1.272194054679e+00 
       1.970411240942e-03       1.333007471641e+00 
       2.069734400901e-03       1.394565705052e+00 
       2.170911853969e-03       1.456746063615e+00 
       2.273789735124e-03       1.519417189494e+00 
       2.378224553043e-03       1.582434801823e+00 
       2.484083492891e-03       1.645709103374e+00 
       2.591244358339e-03       1.709113756420e+00 
       2.699595254278e-03       1.772557942624e+00 
       2.809034094327e-03       1.835949390257e+00 
       2.919467999818e-03       1.899207246407e+00 
       3.030812641171e-03       1.962258812981e+00 
       3.142991559080e-03       2.025021875291e+00 
       3.255935491967e-03       2.087440505884e+00 
       3.369581727509e-03       2.149458569487e+00 
       3.483873489548e-03       2.211019258570e+00 
       3.598759366763e-03       2.272072877918e+00 
       3.714192786088e-03       2.332579180755e+00 
       3.830131531369e-03       2.392498945432e+00 
       3.946537306183e-03       2.451790552060e+00 
       4.063375338686e-03       2.510429384015e+00 
       4.180614025754e-03       2.568379562279e+00 
       4.298224613405e-03       2.625620367303e+00 
       4.416180910359e-03       2.682126576445e+00 
       4.534459031676e-03       2.737875927297e+00 
       4.653037169509e-03       2.792853166947e+00 
       4.771895388214e-03       2.847041658224e+00 
       4.891015441268e-03       2.900427691578e+00 
       5.010380607654e-03       2.952998943438e+00 
       5.129975545600e-03       3.004745333615e+00 
       5.249786161774e-03       3.055660300664e+00 
       5.369799494223e-03       3.105736220868e+00 
       5.490003607537e-03       3.154968462647e+00 
       5.610387498875e-03       3.203351424758e+00 
       5.730941013670e-03       3.250886219597e+00 
       5.851654769906e-03       3.297571273609e+00 
       5.972520090068e-03       3.343404307502e+00 
       6.093528939880e-03       3.388387813624e+00 
       6.214673873133e-03       3.432523492696e+00 
       6.335947981903e-03       3.475816305557e+00 
       6.457344851613e-03       3.518267043597e+00 
       6.578858520406e-03       3.559880210811e+00 
       6.700483442374e-03       3.600660430069e+00 
       6.822214454238e-03       3.640616305872e+00 
       6.944046745134e-03       3.679749896084e+00 
       7.065975829162e-03       3.718072827237e+00 
       7.187997520434e-03       3.755592828492e+00 
       7.310107910369e-03       3.792313423835e+00 
       7.432303346994e-03       3.828239390073e+00 
       7.554580416073e-03       3.863385469664e+00 
       7.676935923868e-03       3.897761754081e+00 
       7.799366881390e-03       3.931370098838e+00 
       7.921870489981e-03       3.964217126990e+00 
       8.044444128110e-03       3.996324635451e+00 
       8.167085339271e-03       4.027690183318e+00 
       8.289791820870e-03       4.058328002953e+00 
       8.412561414027e-03       4.088250160963e+00 
       8.535392094189e-03       4.117455471429e+00 
       8.658281962499e-03       4.145962109091e+00 
       8.781229237845e-03       4.173775832297e+00 
       8.904232249532e-03       4.200907917963e+00 
       9.027289430517e-03       4.227365531402e+00 
       9.150399311170e-03       4.253156105564e+00 
       9.273560513504e-03       4.278296455151e+00 
       9.396771745844e-03       4.302785588020e+00 
       9.520031797891e-03       4.326632006996e+00 
       9.643339536152e-03       4.349858623897e+00 
       9.766693899711e-03       4.372454884565e+00 
       9.890093896300e-03       4.394439982108e+00 
       1.001353859866e-02       4.415822194842e+00 
       1.013702714118e-02       4.436610825686e+00 
       1.026055871672e-02       4.456803859964e+00 
       1.038413257374e-02       4.476417203460e+00 
       1.050774801356e-02       4.495459353742e+00 
       1.063140438788e-02       4.513930486194e+00 
       1.075510109639e-02       4.531847174217e+00 
       1.087883758462e-02       4.549212895221e+00 
       1.100261334193e-02       4.566031248768e+00 
       1.112642789957e-02       4.582314947261e+00 
       1.125028082899e-02       4.598064263179e+00 
       1.137417174014e-02       4.613296127110e+00 
       1.149810028000e-02       4.628001569680e+00 
       1.162206613114e-02       4.642202739260e+00 
       1.174606901039e-02       4.655893194385e+00 
       1.187010866765e-02       4.669089475520e+00 
       1.199418488471e-02       4.681794749044e+00 
       1.211829747421e-02       4.694008668569e+00 
       1.224244627863e-02       4.705746869569e+00 
       1.236663116941e-02       4.717006045351e+00 
       1.249085204607e-02       4.727805297285e+00 
       1.261510883545e-02       4.738137696289e+00 
       1.273940149094e-02       4.748010918853e+00 
       1.286372999182e-02       4.757434657504e+00 
       1.298809434267e-02       4.766410372371e+00 
       1.311249457272e-02       4.774946105890e+00 
       1.323693073542e-02       4.783047364515e+00 
       1.336140290784e-02       4.790720383778e+00 
       1.348591119034e-02       4.797966742439e+00 
       1.361045570605e-02       4.804794583407e+00 
       1.373503660061e-02       4.811206454913e+00 
       1.385965404174e-02       4.817211847199e+00 
       1.398430821901e-02       4.822813256760e+00 
       1.410899934352e-02       4.828013843686e+00 
       1.423372764771e-02       4.832825335568e+00 
       1.435849338511e-02       4.837246821607e+00 
       1.448329683018e-02       4.841286119853e+00 
       1.460813827812e-02       4.844946617715e+00 
       1.473301804481e-02       4.848232994927e+00 
       1.485793646664e-02       4.851150114886e+00 
       1.498289390044e-02       4.853706146105e+00 
       1.510789072347e-02       4.855902965613e+00 
       1.523292733332e-02       4.857746265603e+00 
       1.535800414793e-02       4.859240612853e+00 
       1.548312160558e-02       4.860387924587e+00 
       1.560828016494e-02       4.861200307389e+00 
       1.573348030509e-02       4.861670724841e+00 
       1.585872252561e-02       4.861824531772e+00 
       1.598400734663e-02       4.861651823942e+00 
       1.610933530897e-02       4.861144047384e+00 
       1.623470697422e-02       4.860326592319e+00 
       1.636012292492e-02       4.859206285590e+00 
       1.648558376469e-02       4.857768792073e+00 
       1.661109011841e-02       4.856030824792e+00 
       1.673664263240e-02       4.853997778930e+00 
       1.686224197463e-02       4.851669104986e+00 
       1.698788883495e-02       4.849047996825e+00 
       1.711358392534e-02       4.846151383288e+00 
       1.723932798012e-02       4.842959572309e+00 
       1.736512175629e-02       4.839514611769e+00 
       1.749096603375e-02       4.835784410174e+00 
       1.761686161566e-02       4.831786378888e+00 
       1.774280932873e-02       4.827518368137e+00 
       1.786881002356e-02       4.822999614379e+00 
       1.799486457501e-02       4.818225668109e+00 
       1.812097388257e-02       4.813197125615e+00 
       1.824713887072e-02       4.807926625697e+00 
       1.837336048938e-02       4.802399323805e+00 
       1.849963971429e-02       4.796650204471e+00 
       1.862597754748e-02       4.790656506437e+00 
       1.875237501771e-02       4.784433419322e+00 
       1.887883318094e-02       4.777972908965e+00 
       1.900535312085e-02       4.771309895781e+00 
       1.913193594933e-02       4.764419446588e+00 
       1.925858280700e-02       4.757303550520e+00 
       1.938529486380e-02       4.749979463934e+00 
       1.951207331950e-02       4.742443330978e+00 
       1.963891940434e-02       4.734704120570e+00 
       1.976583437961e-02       4.726762031757e+00 
       1.989281953829e-02       4.718625822446e+00 
       2.001987620571e-02       4.710292435952e+00 
       2.014700574018e-02       4.701772341994e+00 
       2.027420953374e-02       4.693048507751e+00 
       2.040148901283e-02       4.684164326517e+00 
       2.052884563906e-02       4.675085682086e+00 
       2.065628090997e-02       4.665829922314e+00 
       2.078379635978e-02       4.656392794473e+00 
       2.091139356027e-02       4.646801974891e+00 
       2.103907412157e-02       4.637030873216e+00 
       2.116683969302e-02       4.627103253946e+00 
       2.129469196411e-02       4.617013657884e+00 
       2.142263266535e-02       4.606765375769e+00 
       2.155066356926e-02       4.596362914030e+00 
       2.167878649131e-02       4.585804652119e+00 
       2.180700329099e-02       4.575092226723e+00 
       2.193531587278e-02       4.564243683026e+00 
       2.206372618728e-02       4.553251026694e+00 
       2.219223623229e-02       4.542117521084e+00 
       2.232084805397e-02       4.530858521041e+00 
       2.244956374803e-02       4.519451330957e+00 
       2.257838546090e-02       4.507920095992e+00 
       2.270731539105e-02       4.496261770078e+00 
       2.283635579024e-02       4.484474929487e+00 
       2.296550896486e-02       4.472569584558e+00 
       2.309477727734e-02       4.460549362913e+00 
       2.322416314755e-02       4.448409816995e+00 
       2.335366905427e-02       4.436153718312e+00 
       2.348329753672e-02       4.423791030592e+00 
       2.361305119611e-02       4.411321488004e+00 
       2.374293269725e-02       4.398744627680e+00 
       2.387294477028e-02       4.386066185374e+00 
       2.400309021230e-02       4.373287822076e+00 
       2.413337188923e-02       4.360408659445e+00 
       2.426379273761e-02       4.347440144348e+00 
       2.439435576651e-02       4.334378690770e+00 
       2.452506405949e-02       4.321226145074e+00 
       2.465592077667e-02       4.307986861054e+00 
       2.478692915676e-02       4.294663511393e+00 
       2.491809251927e-02       4.281256171321e+00 
       2.504941426679e-02       4.267769639425e+00 
       2.518089788722e-02       4.254207541065e+00 
       2.531254695627e-02       4.240567327462e+00 
       2.544436513988e-02       4.226857365245e+00 
       2.557635619681e-02       4.213076561054e+00 
       2.570852398133e-02       4.199224038957e+00 
       2.584087244594e-02       4.185307239547e+00 
       2.597340564424e-02       4.171328985221e+00 
       2.610612773389e-02       4.157288546473e+00 
       2.623904297966e-02       4.143183991618e+00 
       2.637215575665e-02       4.129025423197e+00 
       2.650547055353e-02       4.114811262518e+00 
       2.663899197597e-02       4.100541771297e+00 
       2.677272475021e-02       4.086223014005e+00 
       2.690667372668e-02       4.071853404300e+00 
       2.704084388387e-02       4.057437119331e+00 
       2.717524033223e-02       4.042974415797e+00 
       2.730986831833e-02       4.028467665252e+00 
       2.744473322907e-02       4.013918994623e+00 
       2.757984059617e-02       3.999331479775e+00 
       2.771519610072e-02       3.984703698078e+00 
       2.785080557800e-02       3.970040050518e+00 
       2.798667502244e-02       3.955341576393e+00 
       2.812281059279e-02       3.940608885854e+00 
       2.825921861753e-02       3.925846954039e+00 
       2.839590560043e-02       3.911053492282e+00 
       2.853287822642e-02       3.896231975610e+00 
       2.867014336763e-02       3.881384889993e+00 
       2.880770808975e-02       3.866510403670e+00 
       2.894557965859e-02       3.851612824108e+00 
       2.908376554696e-02       3.836692828709e+00 
       2.922227344183e-02       3.821753711942e+00 
       2.936111125182e-02       3.806794569667e+00 
       2.950028711498e-02       3.791815435485e+00 
       2.963980940692e-02       3.776821601279e+00 
       2.977968674934e-02       3.761811919120e+00 
       2.991992801888e-02       3.746788456439e+00 
       3.006054235642e-02       3.731753491784e+00 
       3.020153917674e-02       3.716704044200e+00 
       3.034292817872e-02       3.701646987553e+00 
       3.048471935591e-02       3.686579593197e+00 
       3.062692300766e-02       3.671506512270e+00 
       3.076954975073e-02       3.656423946447e+00 
       3.091261053153e-02       3.641338345922e+00 
       3.105611663883e-02       3.626244256167e+00 
       3.120007971717e-02       3.611148425723e+00 
       3.134451178094e-02       3.596051295710e+00 
       3.148942522908e-02       3.580951336054e+00 
       3.163483286058e-02       3.565850165265e+00 
       3.178074789075e-02       3.550749804031e+00 
       3.192718396829e-02       3.535651100045e+00 
       3.207415519325e-02       3.520553908857e+00 
       3.222167613596e-02       3.505458511201e+00 
       3.236976185693e-02       3.490366813619e+00 
       3.251842792776e-02       3.475280632119e+00 
       3.266769045326e-02       3.460198239212e+00 
       3.281756609471e-02       3.445122911544e+00 
       3.296807209441e-02       3.430052951866e+00 
       3.311922630162e-02       3.414989013361e+00 
       3.327104719986e-02       3.399934035096e+00 
       3.342355393590e-02       3.384886596570e+00 
       3.357676635028e-02       3.369848043485e+00 
       3.373070500968e-02       3.354817183507e+00 
       3.388539124115e-02       3.339797134375e+00 
       3.404084716838e-02       3.324785483359e+00 
       3.419709575014e-02       3.309786201230e+00 
       3.435416082110e-02       3.294796387772e+00 
       3.451206713503e-02       3.279818674234e+00 
       3.467084041087e-02       3.264851830409e+00 
       3.483050738153e-02       3.249894619598e+00 
       3.499109584590e-02       3.234949454024e+00 
       3.515263472420e-02       3.220018143776e+00 
       3.531515411689e-02       3.205097662846e+00 
       3.547868536756e-02       3.190189721121e+00 
       3.564326112997e-02       3.175292054004e+00 
       3.580891543966e-02       3.160409285645e+00 
       3.597568379052e-02       3.145536341632e+00 
       3.614360321665e-02       3.130676018249e+00 
       3.631271238005e-02       3.115826280567e+00 
       3.648305166451e-02       3.100990116062e+00 
       3.665466327647e-02       3.086163995210e+00 
       3.682759135313e-02       3.071351859881e+00 
       3.700188207881e-02       3.056547755690e+00 
       3.717758380999e-02       3.041753846320e+00 
       3.735474721006e-02       3.026970258374e+00 
       3.753342539455e-02       3.012198736335e+00 
       3.771367408789e-02       2.997433280140e+00 
       3.789555179276e-02       2.982677449601e+00 
       3.807911997330e-02       2.967930131282e+00 
       3.826444325354e-02       2.953189728781e+00 
       3.845158963247e-02       2.938453676925e+00 
       3.864063071773e-02       2.923725257809e+00 
       3.883164197941e-02       2.909003141217e+00 
       3.902470302655e-02       2.894282013219e+00 
       3.921989790844e-02       2.879565489625e+00 
       3.941731544346e-02       2.864848876054e+00 
       3.961704957874e-02       2.850132899628e+00 
       3.981919978381e-02       2.835416648916e+00 
       4.002387148228e-02       2.820698796820e+00 
       4.023117652610e-02       2.805976450025e+00 
       4.044123371716e-02       2.791249070812e+00 
       4.065416938230e-02       2.776514020525e+00 
       4.087011800810e-02       2.761772047143e+00 
       4.108922294299e-02       2.747019731705e+00 
       4.131163717545e-02       2.732253244163e+00 
       4.153752419801e-02       2.717471502119e+00 
       4.176705896879e-02       2.702674855286e+00 
       4.200042898355e-02       2.687856157283e+00 
       4.223783547389e-02       2.673014709748e+00 
       4.247949474925e-02       2.658153120493e+00 
       4.272563970381e-02       2.643258689687e+00 
       4.297652151252e-02       2.628332176148e+00 
       4.323241154501e-02       2.613372000285e+00 
       4.349360353122e-02       2.598374707545e+00 
       4.376041601845e-02       2.583332663197e+00 
       4.403319516735e-02       2.568243708838e+00 
       4.431231794305e-02       2.553102588351e+00 
       4.459819576870e-02       2.537904265733e+00 
       4.489127872208e-02       2.522647278321e+00 
       4.519206037240e-02       2.507317554954e+00 
       4.550108337449e-02       2.491909781107e+00 
       4.581894596305e-02       2.476424476761e+00 
       4.614630952020e-02       2.460845657350e+00 
       4.648390742907e-02       2.445165176705e+00 
       4.683255547441e-02       2.429377201104e+00 
       4.719316411280e-02       2.413474856611e+00 
       4.756675301229e-02       2.397442044525e+00 
       4.795446835950e-02       2.381268090305e+00 
       4.835760355679e-02       2.364951029534e+00 
       4.877762409092e-02       2.348430166209e+00 
       4.921619755703e-02       2.331698293872e+00 
       4.967523007970e-02       2.314750206566e+00 
       5.015691069999e-02       2.297544329210e+00 
       5.066376571099e-02       2.280060664644e+00 
       5.119872543759e-02       2.262251692835e+00 
       5.176520658204e-02       2.244076455416e+00 
       5.236721398511e-02       2.225479686689e+00 
       5.300946643626e-02       2.206386321312e+00 
       5.369755186298e-02       2.186713170506e+00 
       5.443811750858e-02       2.166348622043e+00 
       5.523909986108e-02       2.145148269358e+00 
       5.610999569786e-02       2.122927689273e+00 
       5.706216693470e-02       2.099438358218e+00 
       5.810915311482e-02       2.074348167120e+00 
       5.926692833934e-02       2.047210352100e+00 
       6.055397336706e-02       2.017424581067e+00 
       6.199093018729e-02       1.984176872205e+00 
       6.359947940448e-02       1.946425473866e+00 
       6.540001142378e-02       1.902864915049e+00 
       6.740785583239e-02       1.852044714010e+00 
       6.962856953198e-02       1.792603837967e+00 
       7.205402575154e-02       1.723701213292e+00 
       7.466181557294e-02       1.645515327521e+00 
       7.741925944084e-02       1.559558612101e+00 
       8.029037150168e-02       1.468599178627e+00 
       8.324228134396e-02       1.376193624061e+00 
       8.624873566558e-02       1.286056337466e+00 
       8.929066761749e-02       1.201485972290e+00 
       9.235510010565e-02       1.124987269750e+00 
       9.543357073890e-02       1.058105386029e+00 
       9.852071037994e-02       1.001426859741e+00 
       1.016131705477e-01       9.546848989134e-01 
       1.047088850041e-01       9.169259795506e-01 
       1.078065869454e-01       8.866883971503e-01 
       1.109055026726e-01       8.621860288689e-01 
       1.140051606747e-01       8.414864966509e-01 
       1.171052739085e-01       8.226797588263e-01 
       1.202056676777e-01       8.040442061899e-01 
       1.233062356186e-01       7.841894988168e-01 
       1.264069129017e-01       7.621643820304e-01 
       1.295076599371e-01       7.375147242662e-01 
       1.326084524750e-01       7.102768156842e-01 
       1.357092755935e-01       6.809206122141e-01 
       1.388101200478e-01       6.502202967895e-01 
       1.419109800535e-01       6.191357810225e-01 
       1.450118519396e-01       5.886668294159e-01 
       1.481127333302e-01       5.597315397793e-01 
       1.512136226471e-01       5.330774496376e-01 
       1.543145188064e-01       5.092254870136e-01 
       1.574154210335e-01       4.884435979575e-01 
       1.605163287508e-01       4.707533950036e-01 
       1.636172415074e-01       4.559607372678e-01 
       1.667181589372e-01       4.436922681236e-01 
       1.698190807317e-01       4.334478409091e-01 
       1.729200066233e-01       4.246540701766e-01 
       1.760209363751e-01       4.167315671543e-01 
       1.791218697736e-01       4.091908627555e-01 
       1.822228066242e-01       4.014464134658e-01 
       1.853237467480e-01       3.931095343745e-01 
       1.884246899796e-01       3.839356098391e-01 
       1.915256361651e-01       3.738398953035e-01 
       1.946265851615e-01       3.628923248156e-01 
       1.977275368348e-01       3.512900628449e-01 
       2.008284910597e-01       3.393139631638e-01 
       2.039294477188e-01       3.272788486226e-01 
       2.070304067018e-01       3.154985034019e-01 
       2.101313679048e-01       3.042448727926e-01 
       2.132323312304e-01       2.937340368838e-01 
       2.163332965866e-01       2.841190742605e-01 
       2.194342638867e-01       2.754833460989e-01 
       2.225352330487e-01       2.678462826824e-01 
       2.256362039955e-01       2.611551160929e-01 
       2.287371766540e-01       2.553092758988e-01 
       2.318381509550e-01       2.501552179042e-01 
       2.349391268330e-01       2.455093894775e-01 
       2.380401042261e-01       2.411803002526e-01 
       2.411410830753e-01       2.369847478338e-01 
       2.442420633250e-01       2.327692922373e-01 
       2.473430449220e-01       2.284144745499e-01 
       2.504440278160e-01       2.238466377899e-01 
       2.535450119592e-01       2.190344056908e-01 
       2.566459973060e-01       2.139854690670e-01 
       2.597469838130e-01       2.087413464109e-01 
       2.628479714390e-01       2.033749527688e-01 
       2.659489601445e-01       1.979753096855e-01 
       2.690499498921e-01       1.926433070443e-01 
       2.721509406458e-01       1.874763475978e-01 
       2.752519323715e-01       1.825587511414e-01 
       2.783529250366e-01       1.779519238085e-01 
       2.814539186098e-01       1.736896888683e-01 
       2.845549130613e-01       1.697798471640e-01 
       2.876559083625e-01       1.662054034086e-01 
       2.907569044861e-01       1.629326287247e-01 
       2.938579014059e-01       1.599148706379e-01 
       2.969588990968e-01       1.570987455699e-01 
       3.000598975348e-01       1.544274386684e-01 
       3.031608966969e-01       1.518448094707e-01 
       3.062618965610e-01       1.492986456134e-01 
       3.093628971058e-01       1.467451345959e-01 
       3.124638983110e-01       1.441531052140e-01 
       3.155649001570e-01       1.415062451953e-01 
       3.186659026250e-01       1.388036563957e-01 
       3.217669056970e-01       1.360575485988e-01 
       3.248679093555e-01       1.332899562026e-01 
       3.279689135839e-01       1.305281506919e-01 
       3.310699183660e-01       1.277997779806e-01 
       3.341709236865e-01       1.251319108475e-01 
       3.372719295303e-01       1.225484638935e-01 
       3.403729358831e-01       1.200692993054e-01 
       3.434739427310e-01       1.177092322295e-01 
       3.465749500607e-01       1.154756113729e-01 
       3.496759578594e-01       1.133701639170e-01 
       3.527769661145e-01       1.113857581002e-01 
       3.558779748142e-01       1.095084295481e-01 
       3.589789839468e-01       1.077200484589e-01 
       3.620799935012e-01       1.060005754038e-01 
       3.651810034666e-01       1.043303209923e-01 
       3.682820138325e-01       1.026924784515e-01 
       3.713830245890e-01       1.010748371855e-01 
       3.744840357261e-01       9.946763002114e-02 
       3.775850472346e-01       9.786492915665e-02 
       3.806860591053e-01       9.626346080807e-02 
       3.837870713295e-01       9.466329490195e-02 
       3.868880838984e-01       9.306753799964e-02 
       3.899890968040e-01       9.148218387182e-02 
       3.930901100382e-01       8.991542815512e-02 
       3.961911235933e-01       8.837632685828e-02 
       3.992921374617e-01       8.687330293078e-02 
       4.023931516362e-01       8.541280188856e-02 
       4.054941661098e-01       8.399885221565e-02 
       4.085951808755e-01       8.263308315856e-02 
       4.116961959268e-01       8.131538475809e-02 
       4.147972112573e-01       8.004466472142e-02 
       4.178982268607e-01       7.881872750474e-02 
       4.209992427309e-01       7.763466860719e-02 
       4.241002588622e-01       7.648856245604e-02 
       4.272012752487e-01       7.537566865065e-02 
       4.303022918849e-01       7.428959620481e-02 
       4.334033087655e-01       7.322433200763e-02 
       4.365043258852e-01       7.217542384223e-02 
       4.396053432390e-01       7.113923747030e-02 
       4.427063608219e-01       7.011325999509e-02 
       4.458073786292e-01       6.909697109037e-02 
       4.489083966561e-01       6.809159069999e-02 
       4.520094148981e-01       6.709762417912e-02 
       4.551104333508e-01       6.611545406927e-02 
       4.582114520099e-01       6.514781402969e-02 
       4.613124708713e-01       6.419595720479e-02 
       4.644134899308e-01       6.326141592675e-02 
       4.675145091846e-01       6.234735232587e-02 
       4.706155286287e-01       6.145610160476e-02 
       4.737165482595e-01       6.058860948872e-02 
       4.768175680732e-01       5.974603960416e-02 
       4.799185880663e-01       5.892648026783e-02 
       4.830196082354e-01       5.812860837611e-02 
       4.861206285770e-01       5.734962845862e-02 
       4.892216490879e-01       5.658870076967e-02 
       4.923226697648e-01       5.584348338557e-02 
       4.954236906047e-01       5.511311860640e-02 
       4.985247116044e-01       5.439506965957e-02 
       5.016257327611e-01       5.368871329779e-02 
       5.047267540718e-01       5.299275122925e-02 
       5.078277755336e-01       5.230559137953e-02 
       5.109287971439e-01       5.162651171160e-02 
       5.140298188999e-01       5.095618041852e-02 
       5.171308407990e-01       5.029482171551e-02 
       5.202318628386e-01       4.964377034672e-02 
       5.233328850162e-01       4.900366766334e-02 
       5.264339073294e-01       4.837517372990e-02 
       5.295349297758e-01       4.775855038554e-02 
       5.326359523530e-01       4.715343471574e-02 
       5.357369750589e-01       4.655948884805e-02 
       5.388379978910e-01       4.597747690508e-02 
       5.419390208474e-01       4.540714483519e-02 
       5.450400439257e-01       4.484857852624e-02 
       5.481410671241e-01       4.430148943797e-02 
       5.512420904404e-01       4.376510832575e-02 
       5.543431138726e-01       4.323885756385e-02 
       5.574441374189e-01       4.272223797518e-02 
       5.605451610773e-01       4.221394161775e-02 
       5.636461848459e-01       4.171295852295e-02 
       5.667472087230e-01       4.121989040130e-02 
       5.698482327068e-01       4.073391763170e-02 
       5.729492567955e-01       4.025555594649e-02 
       5.760502809874e-01       3.978457789427e-02 
       5.791513052809e-01       3.932142127427e-02 
       5.822523296744e-01       3.886328293052e-02 
       5.853533541662e-01       3.841195441552e-02 
       5.884543787547e-01       3.796731737138e-02 
       5.915554034386e-01       3.752961042859e-02 
       5.946564282162e-01       3.709926454971e-02 
       5.977574530862e-01       3.667617412240e-02 
       6.008584780470e-01       3.626072340693e-02 
       6.039595030973e-01       3.585232163049e-02 
       6.070605282357e-01       3.545058218548e-02 
       6.101615534608e-01       3.505545486994e-02 
       6.132625787714e-01       3.466647628093e-02 
       6.163636041661e-01       3.428418888582e-02 
       6.194646296437e-01       3.390778854978e-02 
       6.225656552030e-01       3.353788238356e-02 
       6.256666808426e-01       3.317374546142e-02 
       6.287677065615e-01       3.281510510869e-02 
       6.318687323584e-01       3.246148096600e-02 
       6.349697582322e-01       3.211265739184e-02 
       6.380707841818e-01       3.176848552533e-02 
       6.411718102061e-01       3.142932650798e-02 
       6.442728363040e-01       3.109522152927e-02 
       6.473738624744e-01       3.076583311001e-02 
       6.504748887164e-01       3.044146735057e-02 
       6.535759150288e-01       3.012171953998e-02 
       6.566769414107e-01       2.980631662037e-02 
       6.597779678610e-01       2.949537429179e-02 
       6.628789943790e-01       2.918904733708e-02 
       6.659800209635e-01       2.888726326058e-02 
       6.690810476136e-01       2.858999190971e-02 
       6.721820743285e-01       2.829719417771e-02 
       6.752831011073e-01       2.800906073798e-02 
       6.783841279491e-01       2.772503256360e-02 
       6.814851548529e-01       2.744508902186e-02 
       6.845861818180e-01       2.716892903792e-02 
       6.876872088436e-01       2.689630213051e-02 
       6.907882359288e-01       2.662780981497e-02 
       6.938892630728e-01       2.636310300280e-02 
       6.969902902749e-01       2.610228433170e-02 
       7.000913175342e-01       2.584483766384e-02 
       7.031923448500e-01       2.559094873149e-02 
       7.062933722216e-01       2.534041371714e-02 
       7.093943996482e-01       2.509291522020e-02 
       7.124954271291e-01       2.484891335907e-02 
       7.155964546636e-01       2.460785747536e-02 
       7.186974822509e-01       2.437033652021e-02 
       7.217985098906e-01       2.413622251444e-02 
       7.248995375817e-01       2.390497233905e-02 
       7.280005653238e-01       2.367712862753e-02 
       7.464455758151e-01       2.238169245377e-02 
       7.651667369126e-01       2.116646859328e-02 
       7.841776806813e-01       2.002443090278e-02 
       8.034934156659e-01       1.894997267096e-02 
       8.231301147915e-01       1.793880843753e-02 
       8.431049008713e-01       1.698537051180e-02 
       8.634356368620e-01       1.608562747074e-02 
       8.841407268964e-01       1.523689405189e-02 
       9.052389329755e-01       1.443470928387e-02 
       9.267492110784e-01       1.367627831008e-02 
       9.486905693738e-01       1.295860557274e-02 
       9.710819502047e-01       1.227921895780e-02 
       9.939421365888e-01       1.163553450840e-02 
       1.017289683121e+00       1.102573058717e-02 
       1.041142870404e+00       1.044774739869e-02 
       1.065519681468e+00       9.899381989548e-03 
       1.090437798090e+00       9.379883240967e-03 
       1.115914614496e+00       8.886875927947e-03 
       1.141967265644e+00       8.419296493861e-03 
       1.168612667124e+00       7.975807262969e-03 
       1.195867563719e+00       7.554763296183e-03 
       1.223748583763e+00       7.155445490286e-03 
       1.252272296696e+00       6.776615069409e-03 
       1.281455271503e+00       6.417381883232e-03 
       1.311314134122e+00       6.076620874565e-03 
       1.341865622330e+00       5.753400914941e-03 
       1.373126636993e+00       5.446830897408e-03 
       1.405114289018e+00       5.156170991891e-03 
       1.437845941636e+00       4.880690349078e-03 
       1.471339247998e+00       4.619145154426e-03 
       1.505612184263e+00       4.371419859056e-03 
       1.540683078543e+00       4.136438991528e-03 
       1.576570636173e+00       3.913904050117e-03 
       1.613293961846e+00       3.703041584384e-03 
       1.650872579130e+00       3.503269684712e-03 
       1.689326447901e+00       3.313755231524e-03 
       1.728675980162e+00       3.134282666246e-03 
       1.768942054649e+00       2.964291423632e-03 
       1.810146030594e+00       2.803235657869e-03 
       1.852309760920e+00       2.650713680043e-03 
       1.895455605103e+00       2.506393830415e-03 
       1.939606441877e+00       2.369487718913e-03 
       1.984785681927e+00       2.240152655098e-03 
       2.031017280652e+00       2.117493028759e-03 
       2.078325751098e+00       2.001442060617e-03 
       2.126736177086e+00       1.891574002284e-03 
       2.176274226598e+00       1.787626397354e-03 
       2.226966165435e+00       1.689172984309e-03 
       2.278838871174e+00       1.596093918550e-03 
       2.331919847426e+00       1.508073562334e-03 
       2.386237238440e+00       1.424648351130e-03 
       2.441819844019e+00       1.345848394306e-03 
       2.498697134798e+00       1.271229310164e-03 
       2.556899267871e+00       1.200729444569e-03 
       2.616457102781e+00       1.133985763943e-03 
       2.677402217879e+00       1.070863425552e-03 
       2.739766927073e+00       1.011222541163e-03 
       2.803584296956e+00       9.547785389791e-04 
       2.868888164343e+00       9.014364526433e-04 
       2.935713154210e+00       8.510222035858e-04 
       3.004094698049e+00       8.032869061355e-04 
       3.074069052662e+00       7.582453591932e-04 
       3.145673319376e+00       7.156529472935e-04 
       3.218945463722e+00       6.754297358391e-04 
       3.293924335560e+00       6.373995221646e-04 
       3.370649689682e+00       6.014231323699e-04 
       3.449162206885e+00       5.674319809216e-04 
       3.529503515545e+00       5.353184944881e-04 
       3.611716213687e+00       5.050453268222e-04 
       3.695843891573e+00       4.764033812291e-04 
       3.781931154810e+00       4.493867803953e-04 
       3.870023648006e+00       4.237930718089e-04 
       3.960168078965e+00       3.996606223135e-04 
       4.052412243459e+00       3.768670866384e-04 
       4.146805050564e+00       3.552980777349e-04 
       4.243396548597e+00       3.349479843560e-04 
       4.342237951647e+00       3.157618487251e-04 
       4.443381666736e+00       2.976036002712e-04 
       4.546881321600e+00       2.805294153991e-04 
       4.652791793126e+00       2.643544269200e-04 
       4.761169236447e+00       2.490690875117e-04 
       4.872071114719e+00       2.347373007275e-04 
       4.985556229585e+00       2.211578534590e-04 
       5.101684752356e+00       2.083018926762e-04 
       5.220518255912e+00       1.963140738237e-04 
       5.342119747348e+00       1.846571084224e-04 
       5.466553701386e+00       1.738952591281e-04 
       5.593886094555e+00       1.637217105861e-04 
       5.724184440175e+00       1.541030029466e-04 
       5.857517824153e+00       1.450065521551e-04 
       5.993956941616e+00       1.364059378418e-04 
       6.133574134388e+00       1.283018607043e-04 
       6.276443429353e+00       1.207084457727e-04 
       6.422640577704e+00       1.135270853481e-04 
       6.572243095103e+00       1.068046400705e-04 
       6.725330302784e+00       1.003452203903e-04 
       6.881983369612e+00       9.428704256765e-05 
       7.042285355117e+00       8.859152256290e-05 
       7.206321253533e+00       8.312928435522e-05 
       7.374178038864e+00       7.797165520930e-05 
       7.545944711000e+00       7.311969249097e-05 
       7.721712342904e+00       6.859970397660e-05 
       7.901574128902e+00       6.426937729585e-05 
       8.085625434092e+00       6.027901882171e-05 
       8.273963844913e+00       5.680927322275e-05 
       8.466689220884e+00       5.311821310228e-05 
       8.663903747550e+00       4.991236250776e-05 
       8.865711990663e+00       4.678511823340e-05 
       9.072220951624e+00       4.384135934344e-05 
       9.283540124220e+00       4.062627389924e-05 
       9.499781552672e+00       3.793134004879e-05 
       9.721059891047e+00       3.541593496382e-05 
       9.947492464050e+00       3.324340004755e-05 
       1.017919932923e+01       3.073895269955e-05 
       1.041630334063e+01       2.860939693788e-05 
       1.065893021393e+01       2.670853810709e-05 
       1.090720859313e+01       2.528827811576e-05 
       1.116127011869e+01       2.354787741245e-05 
       1.142124949741e+01       2.183598897936e-05 
       1.168728457379e+01       2.024749031122e-05 
       1.195951640315e+01       1.868087587165e-05 
       1.223808932641e+01       1.723605233521e-05 
       1.252315104662e+01       1.589543987576e-05 
       1.281485270728e+01       1.417322082297e-05 
       1.311334897247e+01       1.306663503707e-05 
       1.341879810886e+01       1.208651637663e-05 
       1.373136206963e+01       1.125307835804e-05 
       1.405120658032e+01       1.085081366468e-05 
       1.437850122673e+01       8.892107030190e-06 
       1.471341954482e+01       5.694860962388e-06 
       1.505613911270e+01       7.731601056449e-06 
       1.540684164483e+01       7.491879256341e-06 
       1.576571308833e+01       4.780270163769e-06 
       1.613294372160e+01       5.683613063394e-06 
       1.650872825517e+01       4.111686133324e-06 
       1.689326593498e+01       3.965074709382e-06 
       1.728676064800e+01       4.526032631799e-06 
       1.768942103034e+01       4.314550879605e-06 
       1.810146057785e+01       2.314152209031e-06 
       1.852309775936e+01       3.435545297701e-06 
       1.895455613248e+01       4.488159889697e-06 
       1.939606446216e+01       1.244171162592e-06 
       1.984785684196e+01       2.401359832073e-06 
       2.031017281816e+01       1.729041656372e-06 
       2.078325751684e+01       2.846506396816e-06 
       2.126736177375e+01       4.244212414812e-07 
       2.176274226738e+01       9.807493811134e-07 
       2.226966165502e+01       3.631966229723e-06 
       2.278838871204e+01       3.656529341925e-08 
       2.331919847440e+01       3.896386686616e-06 
       2.386237238446e+01       7.924267454766e-08 
       2.441819844021e+01       3.411871382576e-08 
       2.498697134799e+01       2.144262661636e-08 
       2.556899267872e+01       2.507578765271e-07 
       2.616457102781e+01       2.053983762258e-07 
       2.677402217879e+01       3.328888841503e-07 
       2.739766927073e+01       2.549432011239e-07 
       2.803584296956e+01       1.132442402894e-08 
       2.868888164343e+01       5.846608191643e-07 
       2.935713154210e+01       1.614920869298e-07 
       3.004094698049e+01       9.743981629480e-07 
       3.074069052662e+01       3.474980255484e-07 
       3.145673319376e+01       9.039450850405e-07 
       3.218945463722e+01       1.849609562371e-07 
       3.293924335560e+01       6.331052985004e-08 
       3.370649689682e+01       2.193466084107e-06 
       3.449162206885e+01       9.661143966539e-09 
       3.529503515545e+01       2.637597582658e-06 
       3.611716213687e+01       1.978592508468e-08 
       3.695843891573e+01       6.722320936748e-09 
       3.781931154810e+01       2.888145976930e-06 
       3.870023648006e+01       1.347556795207e-10 
       3.960168078965e+01       1.448856606506e-08 
       4.052412243459e+01       2.783185267749e-06 
       4.146805050564e+01       1.608640584332e-06 
       4.243396548597e+01       1.331965825176e-06 
       4.342237951647e+01       2.186348532368e-09 
       4.443381666736e+01       5.205652514913e-06 
       4.546881321600e+01       2.222147446271e-07 
       4.652791793126e+01       3.585187556891e-07 
       4.761169236447e+01       2.441169657859e-06 
       4.872071114719e+01       9.461969962331e-07 
       4.985556229585e+01       1.619464269508e-08 
       5.101684752356e+01       4.060532897312e-06 
       5.220518255912e+01       6.230351352097e-06 
       5.342119747348e+01       9.059935071059e-07 
       5.466553701386e+01       5.933872756231e-07 
       5.593886094555e+01       5.345033466191e-08 
       5.724184440175e+01       1.238462154607e-07 
       5.857517824153e+01       2.364293014485e-07 
       5.993956941616e+01       1.371312299920e-06 
       6.133574134388e+01       1.137171413754e-06 
       6.276443429353e+01       6.371113152974e-07 
       6.422640577704e+01       2.337804039917e-06 
       6.572243095103e+01       3.780343515384e-07 
       6.725330302784e+01       3.794141884470e-06 
       6.881983369612e+01       3.686133912506e-07 
       7.042285355117e+01       3.156781392126e-08 
       7.206321253533e+01       1.252376730779e-08 
       7.374178038864e+01       7.383427213919e-07 
       7.545944711000e+01       2.183863426000e-07 
       7.721712342904e+01       5.405929163446e-07 
       7.901574128902e+01       1.451849770662e-06 
       8.085625434092e+01       2.702298865575e-06 
       8.273963844913e+01       5.059384969672e-07 
       8.466689220884e+01       1.831144461299e-09 
       8.663903747550e+01       1.544593574124e-08 
       8.865711990663e+01       5.271100455401e-12 
       9.072220951624e+01       4.452430079867e-07 
       9.283540124220e+01       4.234650864233e-07 
       9.499781552671e+01       2.004867515304e-07 
       9.721059891047e+01       1.173516374177e-06 
       9.947492464050e+01       6.353632941770e-09 
       1.017919932923e+02       2.448346219178e-07 
       1.041630334063e+02       1.271433995618e-06 
       1.065893021393e+02       1.697412454808e-07 
       1.090720859313e+02       1.807429642157e-08 
       1.116127011869e+02       9.262952116849e-07 
       1.142124949741e+02       3.240515012959e-08 
       1.168728457379e+02       3.000959521932e-07 
       1.195951640315e+02       2.362634652182e-08 
       1.223808932641e+02       3.494440019925e-08 
       1.252315104662e+02       1.279370938555e-08 
       1.281485270728e+02       2.169161417744e-06 
       1.311334897247e+02       1.768156916919e-06 
       1.341879810886e+02       1.863982021184e-07 
       1.373136206963e+02       2.569868588322e-07 
       1.405120658032e+02       7.603503877493e-07 
       1.437850122673e+02       8.459766774070e-09 
       1.471341954482e+02       3.051787480954e-06 
       1.505613911270e+02       8.282054253534e-08 
       1.540684164483e+02       1.069768449332e-07 
       1.576571308833e+02       5.854840297322e-09 
       1.613294372160e+02       9.757041602257e-09 
       1.650872825517e+02       7.636008524392e-07 
       1.689326593498e+02       6.566642862525e-07 
       1.728676064800e+02       3.723618064959e-06 
       1.768942103034e+02       9.874476262509e-07 
       1.810146057785e+02       3.662150980405e-10 
       1.852309775936e+02       1.979689862879e-07 
       1.895455613248e+02       2.345462385145e-08 
       1.939606446216e+02       5.566317674793e-07 
       1.984785684196e+02       7.515784079705e-09 
       2.031017281816e+02       2.751718271111e-06 
