# Matter power spectrum P(k) at redshift z=99
# for k=1.00899e-05 to 203.102 h/Mpc,
# number of wavenumbers equal to 845
#    1:k (h/Mpc)              2:P (Mpc/h)^3        
       1.008985923246e-05       4.868384554713e-03 
       2.251775554681e-05       3.993226332144e-02 
       3.498636120247e-05       4.131471032300e-02 
       4.752690064658e-05       4.678300286686e-02 
       6.017107953230e-05       5.235996868022e-02 
       7.295134796122e-05       6.148014597796e-02 
       8.590117158737e-05       6.929584630288e-02 
       9.905531395762e-05       7.683672943300e-02 
       1.124501334903e-04       8.669989545944e-02 
       1.261238985241e-04       9.661835649901e-02 
       1.401171238832e-04       1.067407896080e-01 
       1.544729323814e-04       1.179907459059e-01 
       1.692374445844e-04       1.285069389593e-01 
       1.844601999316e-04       1.399746378953e-01 
       2.001946119095e-04       1.512303990351e-01 
       2.164984592990e-04       1.635543356220e-01 
       2.334344144703e-04       1.759450671621e-01 
       2.510706081373e-04       1.879856470218e-01 
       2.694812277303e-04       2.012314186652e-01 
       2.887471433953e-04       2.151216909247e-01 
       3.089565513139e-04       2.294841464553e-01 
       3.302056182976e-04       2.445072350015e-01 
       3.525991041420e-04       2.604176808311e-01 
       3.762509287930e-04       2.771416627517e-01 
       4.012846398372e-04       2.948534374738e-01 
       4.278337222871e-04       3.135445822963e-01 
       4.560416775835e-04       3.332962156390e-01 
       4.860617833145e-04       3.543212340662e-01 
       5.180564313506e-04       3.765775607595e-01 
       5.521959330390e-04       4.004339587017e-01 
       5.886566801031e-04       4.256858702524e-01 
       6.276185643138e-04       4.525953716049e-01 
       6.692615934693e-04       4.813018858973e-01 
       7.137617003222e-04       5.117998847947e-01 
       7.612858261435e-04       5.442763010428e-01 
       8.119864671933e-04       5.788136806343e-01 
       8.659959882004e-04       6.154262198269e-01 
       9.234211115549e-04       6.541690742914e-01 
       9.843380583383e-04       6.951322164490e-01 
       1.048788822492e-03       7.382592974020e-01 
       1.116778986862e-03       7.835150172293e-01 
       1.188277341593e-03       8.309029419471e-01 
       1.263217364035e-03       8.802973984775e-01 
       1.341500403710e-03       9.316070847595e-01 
       1.423000229794e-03       9.846812088689e-01 
       1.507568477172e-03       1.039489157513e+00 
       1.595040487038e-03       1.095774784087e+00 
       1.685241074673e-03       1.153415377299e+00 
       1.777989849548e-03       1.212274409619e+00 
       1.873105833077e-03       1.272190492987e+00 
       1.970411240942e-03       1.333003739717e+00 
       2.069734400901e-03       1.394561800834e+00 
       2.170911853969e-03       1.456741985186e+00 
       2.273789735124e-03       1.519412934996e+00 
       2.378224553043e-03       1.582430371549e+00 
       2.484083492891e-03       1.645704496035e+00 
       2.591244358339e-03       1.709108971610e+00 
       2.699595254278e-03       1.772552980266e+00 
       2.809034094327e-03       1.835944250501e+00 
       2.919467999818e-03       1.899201929661e+00 
       3.030812641171e-03       1.962253319864e+00 
       3.142991559080e-03       2.025016206540e+00 
       3.255935491967e-03       2.087434662555e+00 
       3.369581727509e-03       2.149452552721e+00 
       3.483873489548e-03       2.211013069595e+00 
       3.598759366763e-03       2.272066518245e+00 
       3.714192786088e-03       2.332572651930e+00 
       3.830131531369e-03       2.392492249085e+00 
       3.946537306183e-03       2.451783690010e+00 
       4.063375338686e-03       2.510422358066e+00 
       4.180614025754e-03       2.568372374414e+00 
       4.298224613405e-03       2.625613019524e+00 
       4.416180910359e-03       2.682119070831e+00 
       4.534459031676e-03       2.737868265990e+00 
       4.653037169509e-03       2.792845352132e+00 
       4.771895388214e-03       2.847033692135e+00 
       4.891015441268e-03       2.900419576485e+00 
       5.010380607654e-03       2.952990681652e+00 
       5.129975545600e-03       3.004736927459e+00 
       5.249786161774e-03       3.055651752497e+00 
       5.369799494223e-03       3.105727533063e+00 
       5.490003607537e-03       3.154959637594e+00 
       5.610387498875e-03       3.203342464859e+00 
       5.730941013670e-03       3.250877127250e+00 
       5.851654769906e-03       3.297562051217e+00 
       5.972520090068e-03       3.343394957485e+00 
       6.093528939880e-03       3.388378338258e+00 
       6.214673873133e-03       3.432513894613e+00 
       6.335947981903e-03       3.475806587036e+00 
       6.457344851613e-03       3.518257206987e+00 
       6.578858520406e-03       3.559870258537e+00 
       6.700483442374e-03       3.600650364612e+00 
       6.822214454238e-03       3.640606129273e+00 
       6.944046745134e-03       3.679739610802e+00 
       7.065975829162e-03       3.718062435568e+00 
       7.187997520434e-03       3.755582332712e+00 
       7.310107910369e-03       3.792302826211e+00 
       7.432303346994e-03       3.828228693137e+00 
       7.554580416073e-03       3.863374675066e+00 
       7.676935923868e-03       3.897750864297e+00 
       7.799366881390e-03       3.931359116010e+00 
       7.921870489981e-03       3.964206053259e+00 
       8.044444128110e-03       3.996313472971e+00 
       8.167085339271e-03       4.027678934657e+00 
       8.289791820870e-03       4.058316669146e+00 
       8.412561414027e-03       4.088238744582e+00 
       8.535392094189e-03       4.117443974518e+00 
       8.658281962499e-03       4.145950533570e+00 
       8.781229237845e-03       4.173764180157e+00 
       8.904232249532e-03       4.200896191039e+00 
       9.027289430517e-03       4.227353733199e+00 
       9.150399311170e-03       4.253144235069e+00 
       9.273560513504e-03       4.278284514908e+00 
       9.396771745844e-03       4.302773581267e+00 
       9.520031797891e-03       4.326619934852e+00 
       9.643339536152e-03       4.349846489778e+00 
       9.766693899711e-03       4.372442677768e+00 
       9.890093896300e-03       4.394427724455e+00 
       1.001353859866e-02       4.415809878781e+00 
       1.013702714118e-02       4.436598452900e+00 
       1.026055871672e-02       4.456791432154e+00 
       1.038413257374e-02       4.476404722611e+00 
       1.050774801356e-02       4.495446820809e+00 
       1.063140438788e-02       4.513917903099e+00 
       1.075510109639e-02       4.531834542760e+00 
       1.087883758462e-02       4.549200216385e+00 
       1.100261334193e-02       4.566018524573e+00 
       1.112642789957e-02       4.582302175134e+00 
       1.125028082899e-02       4.598051452651e+00 
       1.137417174014e-02       4.613283275289e+00 
       1.149810028000e-02       4.627988678721e+00 
       1.162206613114e-02       4.642189810229e+00 
       1.174606901039e-02       4.655884637339e+00 
       1.187010866765e-02       4.669076474823e+00 
       1.199418488471e-02       4.681781715062e+00 
       1.211829747421e-02       4.693995601624e+00 
       1.224244627863e-02       4.705733771377e+00 
       1.236663116941e-02       4.716992918318e+00 
       1.249085204607e-02       4.727792141132e+00 
       1.261510883545e-02       4.738120132063e+00 
       1.273940149094e-02       4.747997709788e+00 
       1.286372999182e-02       4.757421420422e+00 
       1.298809434267e-02       4.766397115508e+00 
       1.311249457272e-02       4.774932827536e+00 
       1.323693073542e-02       4.783034064960e+00 
       1.336140290784e-02       4.790702778442e+00 
       1.348591119034e-02       4.797953405004e+00 
       1.361045570605e-02       4.804781229133e+00 
       1.373503660061e-02       4.811193084545e+00 
       1.385965404174e-02       4.817198461704e+00 
       1.398430821901e-02       4.822799857643e+00 
       1.410899934352e-02       4.828000434360e+00 
       1.423372764771e-02       4.832811912506e+00 
       1.435849338511e-02       4.837233388242e+00 
       1.448329683018e-02       4.841272677313e+00 
       1.460813827812e-02       4.844933166771e+00 
       1.473301804481e-02       4.848219445493e+00 
       1.485793646664e-02       4.851136650820e+00 
       1.498289390044e-02       4.853692677040e+00 
       1.510789072347e-02       4.855889492338e+00 
       1.523292733332e-02       4.857732789278e+00 
       1.535800414793e-02       4.859227134439e+00 
       1.548312160558e-02       4.860375921671e+00 
       1.560828016494e-02       4.861187267923e+00 
       1.573348030509e-02       4.861657246001e+00 
       1.585872252561e-02       4.861811054631e+00 
       1.598400734663e-02       4.861638349430e+00 
       1.610933530897e-02       4.861130576452e+00 
       1.623470697422e-02       4.860313125841e+00 
       1.636012292492e-02       4.859187722875e+00 
       1.648558376469e-02       4.857755337089e+00 
       1.661109011841e-02       4.856017376852e+00 
       1.673664263240e-02       4.853984338863e+00 
       1.686224197463e-02       4.851655673633e+00 
       1.698788883495e-02       4.849034575000e+00 
       1.711358392534e-02       4.846137971766e+00 
       1.723932798012e-02       4.842946171929e+00 
       1.736512175629e-02       4.839501223234e+00 
       1.749096603375e-02       4.835766927669e+00 
       1.761686161566e-02       4.831773016424e+00 
       1.774280932873e-02       4.827505019809e+00 
       1.786881002356e-02       4.822986280943e+00 
       1.799486457501e-02       4.818212350290e+00 
       1.812097388257e-02       4.813183824068e+00 
       1.824713887072e-02       4.807913341133e+00 
       1.837336048938e-02       4.802394251638e+00 
       1.849963971429e-02       4.796648541116e+00 
       1.862597754748e-02       4.790643276911e+00 
       1.875237501771e-02       4.784420209451e+00 
       1.887883318094e-02       4.777959719460e+00 
       1.900535312085e-02       4.771296727117e+00 
       1.913193594933e-02       4.764406299446e+00 
       1.925858280700e-02       4.757290425536e+00 
       1.938529486380e-02       4.749966332518e+00 
       1.951207331950e-02       4.742428581202e+00 
       1.963891940434e-02       4.734691065556e+00 
       1.976583437961e-02       4.726749001209e+00 
       1.989281953829e-02       4.718612816910e+00 
       2.001987620571e-02       4.710279455973e+00 
       2.014700574018e-02       4.701759388096e+00 
       2.027420953374e-02       4.693035600964e+00 
       2.040148901283e-02       4.684151426363e+00 
       2.052884563906e-02       4.675072809575e+00 
       2.065628090997e-02       4.665817077929e+00 
       2.078379635978e-02       4.656379978746e+00 
       2.091139356027e-02       4.646789188203e+00 
       2.103907412157e-02       4.637024797055e+00 
       2.116683969302e-02       4.627090526829e+00 
       2.129469196411e-02       4.617000961215e+00 
       2.142263266535e-02       4.606752709989e+00 
       2.155066356926e-02       4.596341351546e+00 
       2.167878649131e-02       4.585792049407e+00 
       2.180700329099e-02       4.575079656199e+00 
       2.193531587278e-02       4.564231145027e+00 
       2.206372618728e-02       4.553242446131e+00 
       2.219223623229e-02       4.542110537961e+00 
       2.232084805397e-02       4.530846083035e+00 
       2.244956374803e-02       4.519438927060e+00 
       2.257838546090e-02       4.507907726544e+00 
       2.270731539105e-02       4.496249435422e+00 
       2.283635579024e-02       4.484462629947e+00 
       2.296550896486e-02       4.472562591342e+00 
       2.309477727734e-02       4.460537134743e+00 
       2.322416314755e-02       4.448392535927e+00 
       2.335366905427e-02       4.436144020293e+00 
       2.348329753672e-02       4.423778911594e+00 
       2.361305119611e-02       4.411309406023e+00 
       2.374293269725e-02       4.398732583011e+00 
       2.387294477028e-02       4.386054178302e+00 
       2.400309021230e-02       4.373273731882e+00 
       2.413337188923e-02       4.360397217574e+00 
       2.426379273761e-02       4.347428251645e+00 
       2.439435576651e-02       4.334366142943e+00 
       2.452506405949e-02       4.321214329696e+00 
       2.465592077667e-02       4.307975084965e+00 
       2.478692915676e-02       4.294651774649e+00 
       2.491809251927e-02       4.281244159962e+00 
       2.504941426679e-02       4.267757982029e+00 
       2.518089788722e-02       4.254195523544e+00 
       2.531254695627e-02       4.240563561650e+00 
       2.544436513988e-02       4.226845828410e+00 
       2.557635619681e-02       4.213065064565e+00 
       2.570852398133e-02       4.199214077709e+00 
       2.584087244594e-02       4.185295896678e+00 
       2.597340564424e-02       4.171318320047e+00 
       2.610612773389e-02       4.157277214350e+00 
       2.623904297966e-02       4.143172701280e+00 
       2.637215575665e-02       4.129014174272e+00 
       2.650547055353e-02       4.114799157869e+00 
       2.663899197597e-02       4.100530605831e+00 
       2.677272475021e-02       4.086211890525e+00 
       2.690667372668e-02       4.071842322815e+00 
       2.704084388387e-02       4.057426080124e+00 
       2.717524033223e-02       4.042962400827e+00 
       2.730986831833e-02       4.028456710919e+00 
       2.744473322907e-02       4.013908082817e+00 
       2.757984059617e-02       3.999320610721e+00 
       2.771519610072e-02       3.984692932906e+00 
       2.785080557800e-02       3.970029267146e+00 
       2.798667502244e-02       3.955330835942e+00 
       2.812281059279e-02       3.940599629793e+00 
       2.825921861753e-02       3.925836299953e+00 
       2.839590560043e-02       3.911042887515e+00 
       2.853287822642e-02       3.896221407923e+00 
       2.867014336763e-02       3.881372979926e+00 
       2.880770808975e-02       3.866499592913e+00 
       2.894557965859e-02       3.851602386656e+00 
       2.908376554696e-02       3.836682771174e+00 
       2.922227344183e-02       3.821743361564e+00 
       2.936111125182e-02       3.806784262267e+00 
       2.950028711498e-02       3.791805172432e+00 
       2.963980940692e-02       3.776811381883e+00 
       2.977968674934e-02       3.761801743453e+00 
       2.991992801888e-02       3.746778324532e+00 
       3.006054235642e-02       3.731743403649e+00 
       3.020153917674e-02       3.716693999797e+00 
       3.034292817872e-02       3.701636996587e+00 
       3.048471935591e-02       3.686569639364e+00 
       3.062692300766e-02       3.671496599260e+00 
       3.076954975073e-02       3.656414077555e+00 
       3.091261053153e-02       3.641328501204e+00 
       3.105611663883e-02       3.626234475308e+00 
       3.120007971717e-02       3.611138689160e+00 
       3.134451178094e-02       3.596041602296e+00 
       3.148942522908e-02       3.580941685991e+00 
       3.163483286058e-02       3.565840371318e+00 
       3.178074789075e-02       3.550740241259e+00 
       3.192718396829e-02       3.535640519004e+00 
       3.207415519325e-02       3.520544434649e+00 
       3.222167613596e-02       3.505449491899e+00 
       3.236976185693e-02       3.490356736539e+00 
       3.251842792776e-02       3.475271289365e+00 
       3.266769045326e-02       3.460188941885e+00 
       3.281756609471e-02       3.445113605141e+00 
       3.296807209441e-02       3.430043740047e+00 
       3.311922630162e-02       3.414981726753e+00 
       3.327104719986e-02       3.399924911286e+00 
       3.342355393590e-02       3.384877520812e+00 
       3.357676635028e-02       3.369839840163e+00 
       3.373070500968e-02       3.354808701748e+00 
       3.388539124115e-02       3.339788184469e+00 
       3.404084716838e-02       3.324776576904e+00 
       3.419709575014e-02       3.309777337255e+00 
       3.435416082110e-02       3.294787568183e+00 
       3.451206713503e-02       3.279809894234e+00 
       3.467084041087e-02       3.264843097641e+00 
       3.483050738153e-02       3.249885782756e+00 
       3.499109584590e-02       3.234940669765e+00 
       3.515263472420e-02       3.220009806713e+00 
       3.531515411689e-02       3.205089103014e+00 
       3.547868536756e-02       3.190181204547e+00 
       3.564326112997e-02       3.175283580542e+00 
       3.580891543966e-02       3.160399109474e+00 
       3.597568379052e-02       3.145527973245e+00 
       3.614360321665e-02       3.130667665918e+00 
       3.631271238005e-02       3.115817978989e+00 
       3.648305166451e-02       3.100981858479e+00 
       3.665466327647e-02       3.086155795199e+00 
       3.682759135313e-02       3.071343175458e+00 
       3.700188207881e-02       3.056538941518e+00 
       3.717758380999e-02       3.041745758956e+00 
       3.735474721006e-02       3.026962192684e+00 
       3.753342539455e-02       3.012190735150e+00 
       3.771367408789e-02       2.997425321647e+00 
       3.789555179276e-02       2.982670000829e+00 
       3.807911997330e-02       2.967922255508e+00 
       3.826444325354e-02       2.953181898157e+00 
       3.845158963247e-02       2.938445888939e+00 
       3.864063071773e-02       2.923717512545e+00 
       3.883164197941e-02       2.908995438434e+00 
       3.902470302655e-02       2.894274353799e+00 
       3.921989790844e-02       2.879557720251e+00 
       3.941731544346e-02       2.864841301285e+00 
       3.961704957874e-02       2.850124904701e+00 
       3.981919978381e-02       2.835410297427e+00 
       4.002387148228e-02       2.820690487177e+00 
       4.023117652610e-02       2.805969046190e+00 
       4.044123371716e-02       2.791241351272e+00 
       4.065416938230e-02       2.776506785844e+00 
       4.087011800810e-02       2.761764771124e+00 
       4.108922294299e-02       2.747011611116e+00 
       4.131163717545e-02       2.732246053913e+00 
       4.153752419801e-02       2.717464353670e+00 
       4.176705896879e-02       2.702667274705e+00 
       4.200042898355e-02       2.687849095961e+00 
       4.223783547389e-02       2.673007691728e+00 
       4.247949474925e-02       2.658145227457e+00 
       4.272563970381e-02       2.643249874132e+00 
       4.297652151252e-02       2.628325288070e+00 
       4.323241154501e-02       2.613365130950e+00 
       4.349360353122e-02       2.598367260232e+00 
       4.376041601845e-02       2.583325851867e+00 
       4.403319516735e-02       2.568236736078e+00 
       4.431231794305e-02       2.553095919746e+00 
       4.459819576870e-02       2.537897641571e+00 
       4.489127872208e-02       2.522640698753e+00 
       4.519206037240e-02       2.507311020350e+00 
       4.550108337449e-02       2.491903291733e+00 
       4.581894596305e-02       2.476417702429e+00 
       4.614630952020e-02       2.460840229101e+00 
       4.648390742907e-02       2.445159034229e+00 
       4.683255547441e-02       2.429370895591e+00 
       4.719316411280e-02       2.413468598185e+00 
       4.756675301229e-02       2.397435659646e+00 
       4.795446835950e-02       2.381261927257e+00 
       4.835760355679e-02       2.364944914948e+00 
       4.877762409092e-02       2.348423368447e+00 
       4.921619755703e-02       2.331692278408e+00 
       4.967523007970e-02       2.314744122705e+00 
       5.015691069999e-02       2.297538418506e+00 
       5.066376571099e-02       2.280054804153e+00 
       5.119872543759e-02       2.262245449131e+00 
       5.176520658204e-02       2.244070703925e+00 
       5.236721398511e-02       2.225473991752e+00 
       5.300946643626e-02       2.206380684758e+00 
       5.369755186298e-02       2.186707314956e+00 
       5.443811750858e-02       2.166342660613e+00 
       5.523909986108e-02       2.145142821956e+00 
       5.610999569786e-02       2.122922311233e+00 
       5.706216693470e-02       2.099433057664e+00 
       5.810915311482e-02       2.074342941949e+00 
       5.926692833934e-02       2.047205212882e+00 
       6.055397336706e-02       2.017419537061e+00 
       6.199093018729e-02       1.984170689109e+00 
       6.359947940448e-02       1.946420654531e+00 
       6.540001142378e-02       1.902861999005e+00 
       6.740785583239e-02       1.852040190893e+00 
       6.962856953198e-02       1.792599498381e+00 
       7.205402575154e-02       1.723697083390e+00 
       7.466181557294e-02       1.645511431636e+00 
       7.741925944084e-02       1.559556705301e+00 
       8.029037150168e-02       1.468595800787e+00 
       8.324228134396e-02       1.376190351601e+00 
       8.624873566558e-02       1.286053478342e+00 
       8.929066761749e-02       1.201483454889e+00 
       9.235510010565e-02       1.124984768050e+00 
       9.543357073890e-02       1.058103018708e+00 
       9.852071037994e-02       1.001424790124e+00 
       1.016131705477e-01       9.546829600681e-01 
       1.047088850041e-01       9.169241482362e-01 
       1.078065869454e-01       8.866860922332e-01 
       1.109055026726e-01       8.621843616043e-01 
       1.140051606747e-01       8.414848925921e-01 
       1.171052739085e-01       8.226782209284e-01 
       1.202056676777e-01       8.040427316411e-01 
       1.233062356186e-01       7.841880875232e-01 
       1.264069129017e-01       7.621630412846e-01 
       1.295076599371e-01       7.375143744443e-01 
       1.326084524750e-01       7.102751281017e-01 
       1.357092755935e-01       6.809195170091e-01 
       1.388101200478e-01       6.502190177370e-01 
       1.419109800535e-01       6.191347165179e-01 
       1.450118519396e-01       5.886659846236e-01 
       1.481127333302e-01       5.597307698820e-01 
       1.512136226471e-01       5.330767477040e-01 
       1.543145188064e-01       5.092248454555e-01 
       1.574154210335e-01       4.884430808420e-01 
       1.605163287508e-01       4.707528455350e-01 
       1.636172415074e-01       4.559603076761e-01 
       1.667181589372e-01       4.436916325081e-01 
       1.698190807317e-01       4.334473972516e-01 
       1.729200066233e-01       4.246536537326e-01 
       1.760209363751e-01       4.167308782950e-01 
       1.791218697736e-01       4.091904976261e-01 
       1.822228066242e-01       4.014460739557e-01 
       1.853237467480e-01       3.931092255500e-01 
       1.884246899796e-01       3.839356201146e-01 
       1.915256361651e-01       3.738396402748e-01 
       1.946265851615e-01       3.628919194788e-01 
       1.977275368348e-01       3.512898678611e-01 
       2.008284910597e-01       3.393137993533e-01 
       2.039294477188e-01       3.272785939166e-01 
       2.070304067018e-01       3.154983657290e-01 
       2.101313679048e-01       3.042447925004e-01 
       2.132323312304e-01       2.937339804141e-01 
       2.163332965866e-01       2.841190394066e-01 
       2.194342638867e-01       2.754833423848e-01 
       2.225352330487e-01       2.678462956571e-01 
       2.256362039955e-01       2.611551338303e-01 
       2.287371766540e-01       2.553094519154e-01 
       2.318381509550e-01       2.501552695746e-01 
       2.349391268330e-01       2.455094799293e-01 
       2.380401042261e-01       2.411803692666e-01 
       2.411410830753e-01       2.369849850176e-01 
       2.442420633250e-01       2.327694049241e-01 
       2.473430449220e-01       2.284146028611e-01 
       2.504440278160e-01       2.238467487030e-01 
       2.535450119592e-01       2.190345381088e-01 
       2.566459973060e-01       2.139854597391e-01 
       2.597469838130e-01       2.087414978899e-01 
       2.628479714390e-01       2.033751224258e-01 
       2.659489601445e-01       1.979755203279e-01 
       2.690499498921e-01       1.926434442115e-01 
       2.721509406458e-01       1.874765502394e-01 
       2.752519323715e-01       1.825589885688e-01 
       2.783529250366e-01       1.779521537417e-01 
       2.814539186098e-01       1.736899137924e-01 
       2.845549130613e-01       1.697799942814e-01 
       2.876559083625e-01       1.662058785454e-01 
       2.907569044861e-01       1.629328481128e-01 
       2.938579014059e-01       1.599151768113e-01 
       2.969588990968e-01       1.570990177822e-01 
       3.000598975348e-01       1.544277573372e-01 
       3.031608966969e-01       1.518451177432e-01 
       3.062618965610e-01       1.492989230414e-01 
       3.093628971058e-01       1.467454058530e-01 
       3.124638983110e-01       1.441533551680e-01 
       3.155649001570e-01       1.415065428735e-01 
       3.186659026250e-01       1.388039635054e-01 
       3.217669056970e-01       1.360578052106e-01 
       3.248679093555e-01       1.332902787801e-01 
       3.279689135839e-01       1.305284731091e-01 
       3.310699183660e-01       1.278001054510e-01 
       3.341709236865e-01       1.251322428956e-01 
       3.372719295303e-01       1.225488076655e-01 
       3.403729358831e-01       1.200696032771e-01 
       3.434739427310e-01       1.177096692119e-01 
       3.465749500607e-01       1.154759692706e-01 
       3.496759578594e-01       1.133705205375e-01 
       3.527769661145e-01       1.113861030550e-01 
       3.558779748142e-01       1.095087972248e-01 
       3.589789839468e-01       1.077204085528e-01 
       3.620799935012e-01       1.060009656029e-01 
       3.651810034666e-01       1.043306879057e-01 
       3.682820138325e-01       1.026928488741e-01 
       3.713830245890e-01       1.010752099037e-01 
       3.744840357261e-01       9.946802193772e-02 
       3.775850472346e-01       9.786530781023e-02 
       3.806860591053e-01       9.626384735274e-02 
       3.837870713295e-01       9.466367598095e-02 
       3.868880838984e-01       9.306790715358e-02 
       3.899890968040e-01       9.148255606253e-02 
       3.930901100382e-01       8.991579989377e-02 
       3.961911235933e-01       8.837672737982e-02 
       3.992921374617e-01       8.687369594593e-02 
       4.023931516362e-01       8.541319862325e-02 
       4.054941661098e-01       8.399926241263e-02 
       4.085951808755e-01       8.263348298514e-02 
       4.116961959268e-01       8.131579942101e-02 
       4.147972112573e-01       8.004505374596e-02 
       4.178982268607e-01       7.881912813368e-02 
       4.209992427309e-01       7.763508988162e-02 
       4.241002588622e-01       7.648901438011e-02 
       4.272012752487e-01       7.537591051051e-02 
       4.303022918849e-01       7.428972614345e-02 
       4.334033087655e-01       7.322480565807e-02 
       4.365043258852e-01       7.217587721189e-02 
       4.396053432390e-01       7.113943341625e-02 
       4.427063608219e-01       7.011346993149e-02 
       4.458073786292e-01       6.909752868920e-02 
       4.489083966561e-01       6.809203136107e-02 
       4.520094148981e-01       6.709785845473e-02 
       4.551104333508e-01       6.611616243250e-02 
       4.582114520099e-01       6.514826583496e-02 
       4.613124708713e-01       6.419607791402e-02 
       4.644134899308e-01       6.326174107226e-02 
       4.675145091846e-01       6.234787190572e-02 
       4.706155286287e-01       6.145661999312e-02 
       4.737165482595e-01       6.058937267989e-02 
       4.768175680732e-01       5.974638606515e-02 
       4.799185880663e-01       5.892670964317e-02 
       4.830196082354e-01       5.812859275837e-02 
       4.861206285770e-01       5.735001530407e-02 
       4.892216490879e-01       5.658902111729e-02 
       4.923226697648e-01       5.584388113541e-02 
       4.954236906047e-01       5.511316903758e-02 
       4.985247116044e-01       5.439545607384e-02 
       5.016257327611e-01       5.368926229247e-02 
       5.047267540718e-01       5.299309053535e-02 
       5.078277755336e-01       5.230578284347e-02 
       5.109287971439e-01       5.162686251444e-02 
       5.140298188999e-01       5.095637375987e-02 
       5.171308407990e-01       5.029509993313e-02 
       5.202318628386e-01       4.964394268835e-02 
       5.233328850162e-01       4.900385505553e-02 
       5.264339073294e-01       4.837535935366e-02 
       5.295349297758e-01       4.775859232329e-02 
       5.326359523530e-01       4.715348834839e-02 
       5.357369750589e-01       4.655976497152e-02 
       5.388379978910e-01       4.597772510075e-02 
       5.419390208474e-01       4.540731995664e-02 
       5.450400439257e-01       4.484865067652e-02 
       5.481410671241e-01       4.430152913164e-02 
       5.512420904404e-01       4.376534150596e-02 
       5.543431138726e-01       4.323917535963e-02 
       5.574441374189e-01       4.272214217536e-02 
       5.605451610773e-01       4.221345919995e-02 
       5.636461848459e-01       4.171263129639e-02 
       5.667472087230e-01       4.121946122015e-02 
       5.698482327068e-01       4.073392502391e-02 
       5.729492567955e-01       4.025586084490e-02 
       5.760502809874e-01       3.978505532685e-02 
       5.791513052809e-01       3.932103723961e-02 
       5.822523296744e-01       3.886357451560e-02 
       5.853533541662e-01       3.841244190031e-02 
       5.884543787547e-01       3.796784684290e-02 
       5.915554034386e-01       3.753020722311e-02 
       5.946564282162e-01       3.709977698408e-02 
       5.977574530862e-01       3.667681952288e-02 
       6.008584780470e-01       3.626125160869e-02 
       6.039595030973e-01       3.585281784278e-02 
       6.070605282357e-01       3.545108388603e-02 
       6.101615534608e-01       3.505586144722e-02 
       6.132625787714e-01       3.466701441850e-02 
       6.163636041661e-01       3.428450888064e-02 
       6.194646296437e-01       3.390836353136e-02 
       6.225656552030e-01       3.353837827286e-02 
       6.256666808426e-01       3.317431367398e-02 
       6.287677065615e-01       3.281564921978e-02 
       6.318687323584e-01       3.246195424264e-02 
       6.349697582322e-01       3.211317686444e-02 
       6.380707841818e-01       3.176906582575e-02 
       6.411718102061e-01       3.142982216205e-02 
       6.442728363040e-01       3.109557880016e-02 
       6.473738624744e-01       3.076635332806e-02 
       6.504748887164e-01       3.044200795178e-02 
       6.535759150288e-01       3.012231092005e-02 
       6.566769414107e-01       2.980695386438e-02 
       6.597779678610e-01       2.949598265934e-02 
       6.628789943790e-01       2.918941876206e-02 
       6.659800209635e-01       2.888769612751e-02 
       6.690810476136e-01       2.858995853129e-02 
       6.721820743285e-01       2.829775556542e-02 
       6.752831011073e-01       2.800955923162e-02 
       6.783841279491e-01       2.772542848619e-02 
       6.814851548529e-01       2.744528915464e-02 
       6.845861818180e-01       2.716922082400e-02 
       6.876872088436e-01       2.689699455061e-02 
       6.907882359288e-01       2.662812776348e-02 
       6.938892630728e-01       2.636351042715e-02 
       6.969902902749e-01       2.610249007014e-02 
       7.000913175342e-01       2.584525339806e-02 
       7.031923448500e-01       2.559143102716e-02 
       7.062933722216e-01       2.534077353094e-02 
       7.093943996482e-01       2.509337734208e-02 
       7.124954271291e-01       2.484914921201e-02 
       7.155964546636e-01       2.460838353982e-02 
       7.186974822509e-01       2.437105054740e-02 
       7.217985098906e-01       2.413648900336e-02 
       7.248995375817e-01       2.390543840031e-02 
       7.280005653238e-01       2.367754248318e-02 
       7.464455758151e-01       2.238210433508e-02 
       7.651667369126e-01       2.116691926845e-02 
       7.841776806813e-01       2.002476152677e-02 
       8.034934156659e-01       1.895055398815e-02 
       8.231301147915e-01       1.793902333456e-02 
       8.431049008713e-01       1.698548585412e-02 
       8.634356368620e-01       1.608617231516e-02 
       8.841407268964e-01       1.523734889265e-02 
       9.052389329755e-01       1.443514991665e-02 
       9.267492110784e-01       1.367684505329e-02 
       9.486905693738e-01       1.295900232618e-02 
       9.710819502047e-01       1.227948991719e-02 
       9.939421365888e-01       1.163589735853e-02 
       1.017289683121e+00       1.102609825834e-02 
       1.041142870404e+00       1.044792308647e-02 
       1.065519681468e+00       9.899816937376e-03 
       1.090437798090e+00       9.380023105189e-03 
       1.115914614496e+00       8.887164007094e-03 
       1.141967265644e+00       8.419453387673e-03 
       1.168612667124e+00       7.975905282917e-03 
       1.195867563719e+00       7.555050423439e-03 
       1.223748583763e+00       7.155769302485e-03 
       1.252272296696e+00       6.777044677242e-03 
       1.281455271503e+00       6.417665410929e-03 
       1.311314134122e+00       6.076875358942e-03 
       1.341865622330e+00       5.753680860353e-03 
       1.373126636993e+00       5.447115543316e-03 
       1.405114289018e+00       5.156425716234e-03 
       1.437845941636e+00       4.880770568253e-03 
       1.471339247998e+00       4.619262752515e-03 
       1.505612184263e+00       4.371599497544e-03 
       1.540683078543e+00       4.136794952484e-03 
       1.576570636173e+00       3.914151934561e-03 
       1.613293961846e+00       3.703305356269e-03 
       1.650872579130e+00       3.503322942722e-03 
       1.689326447901e+00       3.313923673160e-03 
       1.728675980162e+00       3.134469182943e-03 
       1.768942054649e+00       2.964466663928e-03 
       1.810146030594e+00       2.803498748734e-03 
       1.852309760920e+00       2.651009406555e-03 
       1.895455605103e+00       2.506540202621e-03 
       1.939606441877e+00       2.369775892347e-03 
       1.984785681927e+00       2.240223125220e-03 
       2.031017280652e+00       2.117692545754e-03 
       2.078325751098e+00       2.001521854041e-03 
       2.126736177086e+00       1.891757657579e-03 
       2.176274226598e+00       1.787871851603e-03 
       2.226966165435e+00       1.689500225420e-03 
       2.278838871174e+00       1.596444360132e-03 
       2.331919847426e+00       1.508370578574e-03 
       2.386237238440e+00       1.424954287889e-03 
       2.441819844019e+00       1.346101829179e-03 
       2.498697134798e+00       1.271517344742e-03 
       2.556899267871e+00       1.200944229853e-03 
       2.616457102781e+00       1.134252018186e-03 
       2.677402217879e+00       1.071147139652e-03 
       2.739766927073e+00       1.011532790541e-03 
       2.803584296956e+00       9.551153100948e-04 
       2.868888164343e+00       9.017707899604e-04 
       2.935713154210e+00       8.513555996879e-04 
       3.004094698049e+00       8.036773358508e-04 
       3.074069052662e+00       7.586249682779e-04 
       3.145673319376e+00       7.160399544771e-04 
       3.218945463722e+00       6.758143532596e-04 
       3.293924335560e+00       6.377617953367e-04 
       3.370649689682e+00       6.018349594219e-04 
       3.449162206885e+00       5.678352695838e-04 
       3.529503515545e+00       5.358031812214e-04 
       3.611716213687e+00       5.054894318459e-04 
       3.695843891573e+00       4.768451832389e-04 
       3.781931154810e+00       4.498188279923e-04 
       3.870023648006e+00       4.242713153434e-04 
       3.960168078965e+00       4.001534231249e-04 
       4.052412243459e+00       3.773619288143e-04 
       4.146805050564e+00       3.558305993386e-04 
       4.243396548597e+00       3.355054212508e-04 
       4.342237951647e+00       3.163578852367e-04 
       4.443381666736e+00       2.982458755522e-04 
       4.546881321600e+00       2.811400123821e-04 
       4.652791793126e+00       2.649939299009e-04 
       4.761169236447e+00       2.497629418839e-04 
       4.872071114719e+00       2.353822734084e-04 
       4.985556229585e+00       2.218009196121e-04 
       5.101684752356e+00       2.089801289168e-04 
       5.220518255912e+00       1.968993787844e-04 
       5.342119747348e+00       1.854876161964e-04 
       5.466553701386e+00       1.747088766182e-04 
       5.593886094555e+00       1.645567135290e-04 
       5.724184440175e+00       1.549609001732e-04 
       5.857517824153e+00       1.459178180940e-04 
       5.993956941616e+00       1.373828272657e-04 
       6.133574134388e+00       1.293170637339e-04 
       6.276443429353e+00       1.217238904883e-04 
       6.422640577704e+00       1.145665620189e-04 
       6.572243095103e+00       1.078004873464e-04 
       6.725330302784e+00       1.014265880100e-04 
       6.881983369612e+00       9.541107061846e-05 
       7.042285355117e+00       8.973591338295e-05 
       7.206321253533e+00       8.438764510593e-05 
       7.374178038864e+00       7.933503570006e-05 
       7.545944711000e+00       7.458769960968e-05 
       7.721712342904e+00       7.010031521384e-05 
       7.901574128902e+00       6.586287898505e-05 
       8.085625434092e+00       6.187469106489e-05 
       8.273963844913e+00       5.811356650025e-05 
       8.466689220884e+00       5.456268500630e-05 
       8.663903747550e+00       5.120740848082e-05 
       8.865711990663e+00       4.806428555422e-05 
       9.072220951624e+00       4.508434507613e-05 
       9.283540124220e+00       4.229299350022e-05 
       9.499781552672e+00       3.963756061400e-05 
       9.721059891047e+00       3.714832130025e-05 
       9.947492464050e+00       3.479850629564e-05 
       1.017919932923e+01       3.258645158833e-05 
       1.041630334063e+01       3.049887418246e-05 
       1.065893021393e+01       2.853281697347e-05 
       1.090720859313e+01       2.667865702170e-05 
       1.116127011869e+01       2.491535220069e-05 
       1.142124949741e+01       2.329007247523e-05 
       1.168728457379e+01       2.174128692762e-05 
       1.195951640315e+01       2.027518464259e-05 
       1.223808932641e+01       1.889447777160e-05 
       1.252315104662e+01       1.760885162311e-05 
       1.281485270728e+01       1.638321943943e-05 
       1.311334897247e+01       1.523810989083e-05 
       1.341879810886e+01       1.415669621435e-05 
       1.373136206963e+01       1.313579721282e-05 
       1.405120658032e+01       1.218225016115e-05 
       1.437850122673e+01       1.127457470287e-05 
       1.471341954482e+01       1.043126834261e-05 
       1.505613911270e+01       9.641181889016e-06 
       1.540684164483e+01       8.887038608962e-06 
       1.576571308833e+01       8.171782687873e-06 
       1.613294372160e+01       7.536276712307e-06 
       1.650872825517e+01       6.923518767094e-06 
       1.689326593498e+01       6.342767118640e-06 
       1.728676064800e+01       5.804830055272e-06 
       1.768942103034e+01       5.292858203212e-06 
       1.810146057785e+01       4.797030026756e-06 
       1.852309775936e+01       4.371991241300e-06 
       1.895455613248e+01       3.950538861381e-06 
       1.939606446216e+01       3.548844069043e-06 
       1.984785684196e+01       3.187251261697e-06 
       2.031017281816e+01       2.855539642962e-06 
       2.078325751684e+01       2.543461972228e-06 
       2.126736177375e+01       2.256277455685e-06 
       2.176274226738e+01       1.994378514855e-06 
       2.226966165502e+01       1.750541360486e-06 
       2.278838871204e+01       1.530705168394e-06 
       2.331919847440e+01       1.329639275288e-06 
       2.386237238446e+01       1.146754125576e-06 
       2.441819844021e+01       9.769419434810e-07 
       2.498697134799e+01       8.448500976676e-07 
       2.556899267872e+01       7.087215449612e-07 
       2.616457102781e+01       5.867712649159e-07 
       2.677402217879e+01       4.791953719444e-07 
       2.739766927073e+01       4.397826171392e-07 
       2.803584296956e+01       3.534544066401e-07 
       2.868888164343e+01       2.214501466070e-07 
       2.935713154210e+01       1.613671929572e-07 
       3.004094698049e+01       1.512681270919e-07 
       3.074069052662e+01       7.367577110375e-08 
       3.145673319376e+01       4.119436726941e-08 
       3.218945463722e+01       3.188488810130e-08 
       3.293924335560e+01       4.717818882424e-09 
       3.370649689682e+01       2.228905850429e-10 
       3.449162206885e+01       2.792134552067e-09 
       3.529503515545e+01       3.366723208360e-11 
       3.611716213687e+01       1.178550837949e-08 
       3.695843891573e+01       2.634007511802e-08 
       3.781931154810e+01       2.035505208805e-08 
       3.870023648006e+01       5.729827805837e-08 
       3.960168078965e+01       9.220403442519e-08 
       4.052412243459e+01       6.365192847279e-08 
       4.146805050564e+01       1.521773603365e-07 
       4.243396548597e+01       1.473696863551e-07 
       4.342237951647e+01       9.521500707824e-08 
       4.443381666736e+01       7.022459695020e-08 
       4.546881321600e+01       1.956605500826e-07 
       4.652791793126e+01       4.382268737049e-08 
       4.761169236447e+01       1.403965186198e-07 
       4.872071114719e+01       2.924827798680e-07 
       4.985556229585e+01       4.329445764056e-07 
       5.101684752356e+01       4.508920022292e-07 
       5.220518255912e+01       2.777342686730e-07 
       5.342119747348e+01       3.371867097123e-07 
       5.466553701386e+01       7.666267022376e-08 
       5.593886094555e+01       1.285810466913e-07 
       5.724184440175e+01       3.235834156422e-07 
       5.857517824153e+01       6.767020780055e-08 
       5.993956941616e+01       5.525017325816e-08 
       6.133574134388e+01       3.516769345033e-07 
       6.276443429353e+01       2.416305383537e-07 
       6.422640577704e+01       1.502143559011e-08 
       6.572243095103e+01       2.910436649443e-07 
       6.725330302784e+01       2.584805797463e-07 
       6.881983369612e+01       2.142432097932e-08 
       7.042285355117e+01       5.392618993138e-07 
       7.206321253533e+01       3.527835510238e-07 
       7.374178038864e+01       1.373550376334e-07 
       7.545944711000e+01       2.151877236845e-09 
       7.721712342904e+01       1.756580547699e-06 
       7.901574128902e+01       3.330463315346e-06 
       8.085625434092e+01       1.100036768938e-08 
       8.273963844913e+01       5.910295185332e-07 
       8.466689220884e+01       4.258618892959e-07 
       8.663903747550e+01       4.084371868172e-06 
       8.865711990663e+01       8.208420241607e-08 
       9.072220951624e+01       4.557453645958e-06 
       9.283540124220e+01       5.026642880148e-06 
       9.499781552671e+01       6.146803571607e-07 
       9.721059891047e+01       3.582120773476e-08 
       9.947492464050e+01       1.354190719462e-06 
       1.017919932923e+02       8.093898849996e-07 
       1.041630334063e+02       9.506354562783e-07 
       1.065893021393e+02       2.241049317262e-08 
       1.090720859313e+02       1.112694558899e-08 
       1.116127011869e+02       7.185778961646e-07 
       1.142124949741e+02       5.829038470607e-07 
       1.168728457379e+02       3.558518818789e-07 
       1.195951640315e+02       1.760612933894e-06 
       1.223808932641e+02       9.491387896607e-07 
       1.252315104662e+02       8.108950947710e-07 
       1.281485270728e+02       2.381135634660e-06 
       1.311334897247e+02       2.048790104510e-06 
       1.341879810886e+02       2.580831059823e-07 
       1.373136206963e+02       5.551622392136e-11 
       1.405120658032e+02       2.517494762876e-07 
       1.437850122673e+02       3.275524485820e-07 
       1.471341954482e+02       1.013971168053e-06 
       1.505613911270e+02       1.125836063193e-07 
       1.540684164483e+02       1.247997694576e-07 
       1.576571308833e+02       7.438345920317e-09 
       1.613294372160e+02       3.624524558006e-08 
       1.650872825517e+02       7.351444084181e-07 
       1.689326593498e+02       3.993166397034e-07 
       1.728676064800e+02       2.817929238208e-06 
       1.768942103034e+02       9.549619599137e-07 
       1.810146057785e+02       1.467843559613e-06 
       1.852309775936e+02       7.781516170972e-07 
       1.895455613248e+02       1.106078746132e-09 
       1.939606446216e+02       9.223813255728e-07 
       1.984785684196e+02       1.538418024659e-09 
       2.031017281816e+02       5.300549767619e-09 
