# Matter power spectrum P(k) at redshift z=99
# for k=1.00899e-05 to 203.102 h/Mpc,
# number of wavenumbers equal to 845
#    1:k (h/Mpc)              2:P (Mpc/h)^3        
       1.008985923246e-05       4.868329770438e-03 
       2.251775554681e-05       3.993230969876e-02 
       3.498636120247e-05       4.131473455731e-02 
       4.752690064658e-05       4.678301942974e-02 
       6.017107953230e-05       5.235999633614e-02 
       7.295134796122e-05       6.148015541753e-02 
       8.590117158737e-05       6.929585753235e-02 
       9.905531395762e-05       7.683673610616e-02 
       1.124501334903e-04       8.669990213174e-02 
       1.261238985241e-04       9.661835471033e-02 
       1.401171238832e-04       1.067408066118e-01 
       1.544729323814e-04       1.179905061866e-01 
       1.692374445844e-04       1.285067188636e-01 
       1.844601999316e-04       1.399748482071e-01 
       2.001946119095e-04       1.512303945286e-01 
       2.164984592990e-04       1.635543388076e-01 
       2.334344144703e-04       1.759450697461e-01 
       2.510706081373e-04       1.879856497505e-01 
       2.694812277303e-04       2.012314208153e-01 
       2.887471433953e-04       2.151216931570e-01 
       3.089565513139e-04       2.294841485136e-01 
       3.302056182976e-04       2.445072368815e-01 
       3.525991041420e-04       2.604176826812e-01 
       3.762509287930e-04       2.771416644597e-01 
       4.012846398372e-04       2.948534390847e-01 
       4.278337222871e-04       3.135445837422e-01 
       4.560416775835e-04       3.332962210293e-01 
       4.860617833145e-04       3.543212407510e-01 
       5.180564313506e-04       3.765775700565e-01 
       5.521959330390e-04       4.004339686294e-01 
       5.886566801031e-04       4.256858701196e-01 
       6.276185643138e-04       4.525953713129e-01 
       6.692615934693e-04       4.813018813231e-01 
       7.137617003222e-04       5.117998869911e-01 
       7.612858261435e-04       5.442762985658e-01 
       8.119864671933e-04       5.788136603304e-01 
       8.659959882004e-04       6.154261992473e-01 
       9.234211115549e-04       6.541690762227e-01 
       9.843380583383e-04       6.951322152794e-01 
       1.048788822492e-03       7.382592994499e-01 
       1.116778986862e-03       7.835150173029e-01 
       1.188277341593e-03       8.309029431281e-01 
       1.263217364035e-03       8.802973985967e-01 
       1.341500403710e-03       9.316070854337e-01 
       1.423000229794e-03       9.846812117885e-01 
       1.507568477172e-03       1.039489158078e+00 
       1.595040487038e-03       1.095774784758e+00 
       1.685241074673e-03       1.153415378121e+00 
       1.777989849548e-03       1.212274410021e+00 
       1.873105833077e-03       1.272190493690e+00 
       1.970411240942e-03       1.333003740596e+00 
       2.069734400901e-03       1.394561801566e+00 
       2.170911853969e-03       1.456741985478e+00 
       2.273789735124e-03       1.519412936360e+00 
       2.378224553043e-03       1.582430372432e+00 
       2.484083492891e-03       1.645704496919e+00 
       2.591244358339e-03       1.709108972581e+00 
       2.699595254278e-03       1.772552981249e+00 
       2.809034094327e-03       1.835944251472e+00 
       2.919467999818e-03       1.899201930640e+00 
       3.030812641171e-03       1.962253320805e+00 
       3.142991559080e-03       2.025016207556e+00 
       3.255935491967e-03       2.087434663550e+00 
       3.369581727509e-03       2.149452553716e+00 
       3.483873489548e-03       2.211013070581e+00 
       3.598759366763e-03       2.272066519221e+00 
       3.714192786088e-03       2.332572652882e+00 
       3.830131531369e-03       2.392492250022e+00 
       3.946537306183e-03       2.451783690900e+00 
       4.063375338686e-03       2.510422358946e+00 
       4.180614025754e-03       2.568372375252e+00 
       4.298224613405e-03       2.625613020319e+00 
       4.416180910359e-03       2.682119071591e+00 
       4.534459031676e-03       2.737868266685e+00 
       4.653037169509e-03       2.792845352763e+00 
       4.771895388214e-03       2.847033692647e+00 
       4.891015441268e-03       2.900419576977e+00 
       5.010380607654e-03       2.952990682062e+00 
       5.129975545600e-03       3.004736927790e+00 
       5.249786161774e-03       3.055651752737e+00 
       5.369799494223e-03       3.105727533207e+00 
       5.490003607537e-03       3.154959637639e+00 
       5.610387498875e-03       3.203342464790e+00 
       5.730941013670e-03       3.250877127069e+00 
       5.851654769906e-03       3.297562050914e+00 
       5.972520090068e-03       3.343394958144e+00 
       6.093528939880e-03       3.388378337700e+00 
       6.214673873133e-03       3.432513893899e+00 
       6.335947981903e-03       3.475806586193e+00 
       6.457344851613e-03       3.518257206026e+00 
       6.578858520406e-03       3.559870257381e+00 
       6.700483442374e-03       3.600650363145e+00 
       6.822214454238e-03       3.640606127780e+00 
       6.944046745134e-03       3.679739609148e+00 
       7.065975829162e-03       3.718062433737e+00 
       7.187997520434e-03       3.755582330698e+00 
       7.310107910369e-03       3.792302823977e+00 
       7.432303346994e-03       3.828228690500e+00 
       7.554580416073e-03       3.863374672383e+00 
       7.676935923868e-03       3.897750861429e+00 
       7.799366881390e-03       3.931359112955e+00 
       7.921870489981e-03       3.964206050009e+00 
       8.044444128110e-03       3.996313469023e+00 
       8.167085339271e-03       4.027678930931e+00 
       8.289791820870e-03       4.058316665170e+00 
       8.412561414027e-03       4.088238740204e+00 
       8.535392094189e-03       4.117443970040e+00 
       8.658281962499e-03       4.145950528609e+00 
       8.781229237845e-03       4.173764175079e+00 
       8.904232249532e-03       4.200896185626e+00 
       9.027289430517e-03       4.227353726324e+00 
       9.150399311170e-03       4.253144229237e+00 
       9.273560513504e-03       4.278284508797e+00 
       9.396771745844e-03       4.302773574850e+00 
       9.520031797891e-03       4.326619928248e+00 
       9.643339536152e-03       4.349846481099e+00 
       9.766693899711e-03       4.372442670566e+00 
       9.890093896300e-03       4.394427716879e+00 
       1.001353859866e-02       4.415809870959e+00 
       1.013702714118e-02       4.436598444756e+00 
       1.026055871672e-02       4.456791423621e+00 
       1.038413257374e-02       4.476404676743e+00 
       1.050774801356e-02       4.495446811501e+00 
       1.063140438788e-02       4.513917893550e+00 
       1.075510109639e-02       4.531834533018e+00 
       1.087883758462e-02       4.549200206219e+00 
       1.100261334193e-02       4.566018514066e+00 
       1.112642789957e-02       4.582302168392e+00 
       1.125028082899e-02       4.598051438855e+00 
       1.137417174014e-02       4.613283263876e+00 
       1.149810028000e-02       4.627988666683e+00 
       1.162206613114e-02       4.642187547275e+00 
       1.174606901039e-02       4.655880215844e+00 
       1.187010866765e-02       4.669078177391e+00 
       1.199418488471e-02       4.681781701952e+00 
       1.211829747421e-02       4.693995587598e+00 
       1.224244627863e-02       4.705733756910e+00 
       1.236663116941e-02       4.716992901985e+00 
       1.249085204607e-02       4.727792126035e+00 
       1.261510883545e-02       4.738120116220e+00 
       1.273940149094e-02       4.747998379657e+00 
       1.286372999182e-02       4.757421405630e+00 
       1.298809434267e-02       4.766397098850e+00 
       1.311249457272e-02       4.774932810174e+00 
       1.323693073542e-02       4.783033098338e+00 
       1.336140290784e-02       4.790702761110e+00 
       1.348591119034e-02       4.797951139841e+00 
       1.361045570605e-02       4.804781210869e+00 
       1.373503660061e-02       4.811194639733e+00 
       1.385965404174e-02       4.817198441764e+00 
       1.398430821901e-02       4.822799837306e+00 
       1.410899934352e-02       4.828000411838e+00 
       1.423372764771e-02       4.832811891387e+00 
       1.435849338511e-02       4.837233366617e+00 
       1.448329683018e-02       4.841272655484e+00 
       1.460813827812e-02       4.844933144300e+00 
       1.473301804481e-02       4.848219422620e+00 
       1.485793646664e-02       4.851136627438e+00 
       1.498289390044e-02       4.853692652754e+00 
       1.510789072347e-02       4.855889468033e+00 
       1.523292733332e-02       4.857733567659e+00 
       1.535800414793e-02       4.859227109201e+00 
       1.548312160558e-02       4.860374419370e+00 
       1.560828016494e-02       4.861187241744e+00 
       1.573348030509e-02       4.861657219345e+00 
       1.585872252561e-02       4.861811027506e+00 
       1.598400734663e-02       4.861638321834e+00 
       1.610933530897e-02       4.861130330847e+00 
       1.623470697422e-02       4.860313097282e+00 
       1.636012292492e-02       4.859192795355e+00 
       1.648558376469e-02       4.857753948320e+00 
       1.661109011841e-02       4.856017346837e+00 
       1.673664263240e-02       4.853984308364e+00 
       1.686224197463e-02       4.851655642645e+00 
       1.698788883495e-02       4.849034543524e+00 
       1.711358392534e-02       4.846137939801e+00 
       1.723932798012e-02       4.842946139472e+00 
       1.736512175629e-02       4.839501190288e+00 
       1.749096603375e-02       4.835766894228e+00 
       1.761686161566e-02       4.831772982487e+00 
       1.774280932873e-02       4.827504985369e+00 
       1.786881002356e-02       4.822986246018e+00 
       1.799486457501e-02       4.818210313740e+00 
       1.812097388257e-02       4.813184670686e+00 
       1.824713887072e-02       4.807913304716e+00 
       1.837336048938e-02       4.802394214727e+00 
       1.849963971429e-02       4.796636918523e+00 
       1.862597754748e-02       4.790643239000e+00 
       1.875237501771e-02       4.784420171042e+00 
       1.887883318094e-02       4.777959680552e+00 
       1.900535312085e-02       4.771296687709e+00 
       1.913193594933e-02       4.764406259535e+00 
       1.925858280700e-02       4.757290385129e+00 
       1.938529486380e-02       4.749966320774e+00 
       1.951207331950e-02       4.742428539792e+00 
       1.963891940434e-02       4.734691023651e+00 
       1.976583437961e-02       4.726748958803e+00 
       1.989281953829e-02       4.718612774000e+00 
       2.001987620571e-02       4.710279412566e+00 
       2.014700574018e-02       4.701759344192e+00 
       2.027420953374e-02       4.693035536103e+00 
       2.040148901283e-02       4.684151381460e+00 
       2.052884563906e-02       4.675072764173e+00 
       2.065628090997e-02       4.665817032031e+00 
       2.078379635978e-02       4.656385452183e+00 
       2.091139356027e-02       4.646789141318e+00 
       2.103907412157e-02       4.637018068711e+00 
       2.116683969302e-02       4.627090478949e+00 
       2.129469196411e-02       4.616995343666e+00 
       2.142263266535e-02       4.606752661087e+00 
       2.155066356926e-02       4.596350230182e+00 
       2.167878649131e-02       4.585789949774e+00 
       2.180700329099e-02       4.575079605851e+00 
       2.193531587278e-02       4.564231094195e+00 
       2.206372618728e-02       4.553242394807e+00 
       2.219223623229e-02       4.542104997585e+00 
       2.232084805397e-02       4.530846030740e+00 
       2.244956374803e-02       4.519438874274e+00 
       2.257838546090e-02       4.507907673270e+00 
       2.270731539105e-02       4.496249381663e+00 
       2.283635579024e-02       4.484462575743e+00 
       2.296550896486e-02       4.472562536627e+00 
       2.309477727734e-02       4.460537079532e+00 
       2.322416314755e-02       4.448397569164e+00 
       2.335366905427e-02       4.436141506438e+00 
       2.348329753672e-02       4.423778854967e+00 
       2.361305119611e-02       4.411309348926e+00 
       2.374293269725e-02       4.398733002813e+00 
       2.387294477028e-02       4.386054120235e+00 
       2.400309021230e-02       4.373275794336e+00 
       2.413337188923e-02       4.360396669384e+00 
       2.426379273761e-02       4.347428192204e+00 
       2.439435576651e-02       4.334366776784e+00 
       2.452506405949e-02       4.321214269215e+00 
       2.465592077667e-02       4.307975024108e+00 
       2.478692915676e-02       4.294651713344e+00 
       2.491809251927e-02       4.281244098212e+00 
       2.504941426679e-02       4.267759623022e+00 
       2.518089788722e-02       4.254195860992e+00 
       2.531254695627e-02       4.240563497438e+00 
       2.544436513988e-02       4.226845764848e+00 
       2.557635619681e-02       4.213065364185e+00 
       2.570852398133e-02       4.199213240280e+00 
       2.584087244594e-02       4.185295822124e+00 
       2.597340564424e-02       4.171317546523e+00 
       2.610612773389e-02       4.157275963794e+00 
       2.623904297966e-02       4.143172634958e+00 
       2.637215575665e-02       4.129013993465e+00 
       2.650547055353e-02       4.114799987899e+00 
       2.663899197597e-02       4.100530538280e+00 
       2.677272475021e-02       4.086211822532e+00 
       2.690667372668e-02       4.071842254425e+00 
       2.704084388387e-02       4.057426011307e+00 
       2.717524033223e-02       4.042962331583e+00 
       2.730986831833e-02       4.028456641235e+00 
       2.744473322907e-02       4.013908012770e+00 
       2.757984059617e-02       3.999320829382e+00 
       2.771519610072e-02       3.984692800920e+00 
       2.785080557800e-02       3.970029195824e+00 
       2.798667502244e-02       3.955331053721e+00 
       2.812281059279e-02       3.940599557641e+00 
       2.825921861753e-02       3.925836227364e+00 
       2.839590560043e-02       3.911042811336e+00 
       2.853287822642e-02       3.896221334543e+00 
       2.867014336763e-02       3.881372906152e+00 
       2.880770808975e-02       3.866499848571e+00 
       2.894557965859e-02       3.851602312084e+00 
       2.908376554696e-02       3.836682359810e+00 
       2.922227344183e-02       3.821743286208e+00 
       2.936111125182e-02       3.806784186671e+00 
       2.950028711498e-02       3.791805096252e+00 
       2.963980940692e-02       3.776811305353e+00 
       2.977968674934e-02       3.761801666537e+00 
       2.991992801888e-02       3.746778247233e+00 
       3.006054235642e-02       3.731743325973e+00 
       3.020153917674e-02       3.716693921830e+00 
       3.034292817872e-02       3.701636919954e+00 
       3.048471935591e-02       3.686569559729e+00 
       3.062692300766e-02       3.671496520242e+00 
       3.076954975073e-02       3.656413519282e+00 
       3.091261053153e-02       3.641327610349e+00 
       3.105611663883e-02       3.626234770715e+00 
       3.120007971717e-02       3.611139451240e+00 
       3.134451178094e-02       3.596041521291e+00 
       3.148942522908e-02       3.580941604962e+00 
       3.163483286058e-02       3.565840297665e+00 
       3.178074789075e-02       3.550740159323e+00 
       3.192718396829e-02       3.535641396917e+00 
       3.207415519325e-02       3.520544351370e+00 
       3.222167613596e-02       3.505448997475e+00 
       3.236976185693e-02       3.490356582643e+00 
       3.251842792776e-02       3.475271205506e+00 
       3.266769045326e-02       3.460188856751e+00 
       3.281756609471e-02       3.445113577625e+00 
       3.296807209441e-02       3.430043655232e+00 
       3.311922630162e-02       3.414981645136e+00 
       3.327104719986e-02       3.399926021547e+00 
       3.342355393590e-02       3.384877431027e+00 
       3.357676635028e-02       3.369839763005e+00 
       3.373070500968e-02       3.354807770778e+00 
       3.388539124115e-02       3.339788097553e+00 
       3.404084716838e-02       3.324776489731e+00 
       3.419709575014e-02       3.309774958359e+00 
       3.435416082110e-02       3.294787480319e+00 
       3.451206713503e-02       3.279809806746e+00 
       3.467084041087e-02       3.264842426102e+00 
       3.483050738153e-02       3.249885693842e+00 
       3.499109584590e-02       3.234940718654e+00 
       3.515263472420e-02       3.220009716386e+00 
       3.531515411689e-02       3.205089014434e+00 
       3.547868536756e-02       3.190181114366e+00 
       3.564326112997e-02       3.175283490061e+00 
       3.580891543966e-02       3.160399018672e+00 
       3.597568379052e-02       3.145527868118e+00 
       3.614360321665e-02       3.130668869787e+00 
       3.631271238005e-02       3.115817885839e+00 
       3.648305166451e-02       3.100981755518e+00 
       3.665466327647e-02       3.086157831301e+00 
       3.682759135313e-02       3.071343595745e+00 
       3.700188207881e-02       3.056538848508e+00 
       3.717758380999e-02       3.041745665782e+00 
       3.735474721006e-02       3.026962115892e+00 
       3.753342539455e-02       3.012190641138e+00 
       3.771367408789e-02       2.997425227286e+00 
       3.789555179276e-02       2.982669450874e+00 
       3.807911997330e-02       2.967921797435e+00 
       3.826444325354e-02       2.953181802939e+00 
       3.845158963247e-02       2.938447849156e+00 
       3.864063071773e-02       2.923718582377e+00 
       3.883164197941e-02       2.908995342059e+00 
       3.902470302655e-02       2.894274257117e+00 
       3.921989790844e-02       2.879557775429e+00 
       3.941731544346e-02       2.864841222186e+00 
       3.961704957874e-02       2.850125270077e+00 
       3.981919978381e-02       2.835410287529e+00 
       4.002387148228e-02       2.820691251915e+00 
       4.023117652610e-02       2.805968947702e+00 
       4.044123371716e-02       2.791241319421e+00 
       4.065416938230e-02       2.776506602084e+00 
       4.087011800810e-02       2.761764670653e+00 
       4.108922294299e-02       2.747011511133e+00 
       4.131163717545e-02       2.732245953825e+00 
       4.153752419801e-02       2.717464253345e+00 
       4.176705896879e-02       2.702667650718e+00 
       4.200042898355e-02       2.687849416330e+00 
       4.223783547389e-02       2.673007590222e+00 
       4.247949474925e-02       2.658145125275e+00 
       4.272563970381e-02       2.643251658528e+00 
       4.297652151252e-02       2.628325185480e+00 
       4.323241154501e-02       2.613365028012e+00 
       4.349360353122e-02       2.598367803348e+00 
       4.376041601845e-02       2.583325802555e+00 
       4.403319516735e-02       2.568236631917e+00 
       4.431231794305e-02       2.553095815195e+00 
       4.459819576870e-02       2.537900004819e+00 
       4.489127872208e-02       2.522640593393e+00 
       4.519206037240e-02       2.507310914502e+00 
       4.550108337449e-02       2.491904452986e+00 
       4.581894596305e-02       2.476417891566e+00 
       4.614630952020e-02       2.460839152241e+00 
       4.648390742907e-02       2.445158926719e+00 
       4.683255547441e-02       2.429370787338e+00 
       4.719316411280e-02       2.413467014035e+00 
       4.756675301229e-02       2.397434433373e+00 
       4.795446835950e-02       2.381263600519e+00 
       4.835760355679e-02       2.364942914979e+00 
       4.877762409092e-02       2.348423113163e+00 
       4.921619755703e-02       2.331692166523e+00 
       4.967523007970e-02       2.314744020210e+00 
       5.015691069999e-02       2.297538304596e+00 
       5.066376571099e-02       2.280054689988e+00 
       5.119872543759e-02       2.262245334053e+00 
       5.176520658204e-02       2.244070587932e+00 
       5.236721398511e-02       2.225473874800e+00 
       5.300946643626e-02       2.206380566732e+00 
       5.369755186298e-02       2.186707475187e+00 
       5.443811750858e-02       2.166342991275e+00 
       5.523909986108e-02       2.145142700069e+00 
       5.610999569786e-02       2.122922187790e+00 
       5.706216693470e-02       2.099432934839e+00 
       5.810915311482e-02       2.074342814836e+00 
       5.926692833934e-02       2.047205083602e+00 
       6.055397336706e-02       2.017417499721e+00 
       6.199093018729e-02       1.984171710020e+00 
       6.359947940448e-02       1.946419402446e+00 
       6.540001142378e-02       1.902860092575e+00 
       6.740785583239e-02       1.852040046535e+00 
       6.962856953198e-02       1.792599350346e+00 
       7.205402575154e-02       1.723696931771e+00 
       7.466181557294e-02       1.645511156930e+00 
       7.741925944084e-02       1.559554812415e+00 
       8.029037150168e-02       1.468595641291e+00 
       8.324228134396e-02       1.376190191084e+00 
       8.624873566558e-02       1.286053317533e+00 
       8.929066761749e-02       1.201483188972e+00 
       9.235510010565e-02       1.124984608419e+00 
       9.543357073890e-02       1.058103000955e+00 
       9.852071037994e-02       1.001424530140e+00 
       1.016131705477e-01       9.546828021322e-01 
       1.047088850041e-01       9.169239901971e-01 
       1.078065869454e-01       8.866864958055e-01 
       1.109055026726e-01       8.621842018396e-01 
       1.140051606747e-01       8.414847310840e-01 
       1.171052739085e-01       8.226780577580e-01 
       1.202056676777e-01       8.040425663986e-01 
       1.233062356186e-01       7.841879196541e-01 
       1.264069129017e-01       7.621628732178e-01 
       1.295076599371e-01       7.375132925838e-01 
       1.326084524750e-01       7.102748088560e-01 
       1.357092755935e-01       6.809193461589e-01 
       1.388101200478e-01       6.502189633964e-01 
       1.419109800535e-01       6.191346888340e-01 
       1.450118519396e-01       5.886658167252e-01 
       1.481127333302e-01       5.597306037290e-01 
       1.512136226471e-01       5.330765834261e-01 
       1.543145188064e-01       5.092246830074e-01 
       1.574154210335e-01       4.884429200891e-01 
       1.605163287508e-01       4.707527540780e-01 
       1.636172415074e-01       4.559600737766e-01 
       1.667181589372e-01       4.436914749472e-01 
       1.698190807317e-01       4.334472271445e-01 
       1.729200066233e-01       4.246536562672e-01 
       1.760209363751e-01       4.167309985456e-01 
       1.791218697736e-01       4.091903787366e-01 
       1.822228066242e-01       4.014459161714e-01 
       1.853237467480e-01       3.931090670539e-01 
       1.884246899796e-01       3.839354619884e-01 
       1.915256361651e-01       3.738394827092e-01 
       1.946265851615e-01       3.628919423460e-01 
       1.977275368348e-01       3.512897121149e-01 
       2.008284910597e-01       3.393136447028e-01 
       2.039294477188e-01       3.272784434888e-01 
       2.070304067018e-01       3.154982231488e-01 
       2.101313679048e-01       3.042446426937e-01 
       2.132323312304e-01       2.937339259962e-01 
       2.163332965866e-01       2.841188931149e-01 
       2.194342638867e-01       2.754833152115e-01 
       2.225352330487e-01       2.678461524574e-01 
       2.256362039955e-01       2.611551463285e-01 
       2.287371766540e-01       2.553093097514e-01 
       2.318381509550e-01       2.501551283204e-01 
       2.349391268330e-01       2.455093011677e-01 
       2.380401042261e-01       2.411802400609e-01 
       2.411410830753e-01       2.369846754517e-01 
       2.442420633250e-01       2.327693147313e-01 
       2.473430449220e-01       2.284144456016e-01 
       2.504440278160e-01       2.238466133822e-01 
       2.535450119592e-01       2.190344035464e-01 
       2.566459973060e-01       2.139854774921e-01 
       2.597469838130e-01       2.087413649682e-01 
       2.628479714390e-01       2.033748337097e-01 
       2.659489601445e-01       1.979755139324e-01 
       2.690499498921e-01       1.926433173995e-01 
       2.721509406458e-01       1.874765176063e-01 
       2.752519323715e-01       1.825588462401e-01 
       2.783529250366e-01       1.779520307948e-01 
       2.814539186098e-01       1.736897921797e-01 
       2.845549130613e-01       1.697798741299e-01 
       2.876559083625e-01       1.662055458920e-01 
       2.907569044861e-01       1.629327306606e-01 
       2.938579014059e-01       1.599150609078e-01 
       2.969588990968e-01       1.570989152905e-01 
       3.000598975348e-01       1.544275954276e-01 
       3.031608966969e-01       1.518449735392e-01 
       3.062618965610e-01       1.492988004994e-01 
       3.093628971058e-01       1.467452998102e-01 
       3.124638983110e-01       1.441533048119e-01 
       3.155649001570e-01       1.415064417490e-01 
       3.186659026250e-01       1.388038523338e-01 
       3.217669056970e-01       1.360576996528e-01 
       3.248679093555e-01       1.332901694744e-01 
       3.279689135839e-01       1.305283760616e-01 
       3.310699183660e-01       1.278000040169e-01 
       3.341709236865e-01       1.251321434715e-01 
       3.372719295303e-01       1.225487320400e-01 
       3.403729358831e-01       1.200695426970e-01 
       3.434739427310e-01       1.177094809662e-01 
       3.465749500607e-01       1.154758547065e-01 
       3.496759578594e-01       1.133704219591e-01 
       3.527769661145e-01       1.113860235375e-01 
       3.558779748142e-01       1.095087077745e-01 
       3.589789839468e-01       1.077203201852e-01 
       3.620799935012e-01       1.060008671252e-01 
       3.651810034666e-01       1.043306046485e-01 
       3.682820138325e-01       1.026927827770e-01 
       3.713830245890e-01       1.010751279077e-01 
       3.744840357261e-01       9.946798586926e-02 
       3.775850472346e-01       9.786522786165e-02 
       3.806860591053e-01       9.626377089928e-02 
       3.837870713295e-01       9.466359611338e-02 
       3.868880838984e-01       9.306782788199e-02 
       3.899890968040e-01       9.148248902757e-02 
       3.930901100382e-01       8.991573339058e-02 
       3.961911235933e-01       8.837665604518e-02 
       3.992921374617e-01       8.687362265654e-02 
       4.023931516362e-01       8.541312923484e-02 
       4.054941661098e-01       8.399917285716e-02 
       4.085951808755e-01       8.263341694235e-02 
       4.116961959268e-01       8.131573764293e-02 
       4.147972112573e-01       8.004500363061e-02 
       4.178982268607e-01       7.881906506076e-02 
       4.209992427309e-01       7.763502740463e-02 
       4.241002588622e-01       7.648895934538e-02 
       4.272012752487e-01       7.537583025985e-02 
       4.303022918849e-01       7.428969232685e-02 
       4.334033087655e-01       7.322475072462e-02 
       4.365043258852e-01       7.217582079579e-02 
       4.396053432390e-01       7.113938391822e-02 
       4.427063608219e-01       7.011342031483e-02 
       4.458073786292e-01       6.909748435208e-02 
       4.489083966561e-01       6.809198899813e-02 
       4.520094148981e-01       6.709781379449e-02 
       4.551104333508e-01       6.611611759297e-02 
       4.582114520099e-01       6.514824380965e-02 
       4.613124708713e-01       6.419599952756e-02 
       4.644134899308e-01       6.326170332822e-02 
       4.675145091846e-01       6.234783614605e-02 
       4.706155286287e-01       6.145658725881e-02 
       4.737165482595e-01       6.058935002341e-02 
       4.768175680732e-01       5.974635461151e-02 
       4.799185880663e-01       5.892669681852e-02 
       4.830196082354e-01       5.812856542425e-02 
       4.861206285770e-01       5.735000220258e-02 
       4.892216490879e-01       5.658899908230e-02 
       4.923226697648e-01       5.584388298008e-02 
       4.954236906047e-01       5.511314673869e-02 
       4.985247116044e-01       5.439543196988e-02 
       5.016257327611e-01       5.368924434280e-02 
       5.047267540718e-01       5.299307045901e-02 
       5.078277755336e-01       5.230576069406e-02 
       5.109287971439e-01       5.162684723197e-02 
       5.140298188999e-01       5.095635899704e-02 
       5.171308407990e-01       5.029508700235e-02 
       5.202318628386e-01       4.964393057030e-02 
       5.233328850162e-01       4.900384437477e-02 
       5.264339073294e-01       4.837537628460e-02 
       5.295349297758e-01       4.775858879099e-02 
       5.326359523530e-01       4.715348322521e-02 
       5.357369750589e-01       4.655981060812e-02 
       5.388379978910e-01       4.597772217540e-02 
       5.419390208474e-01       4.540735454321e-02 
       5.450400439257e-01       4.484865129671e-02 
       5.481410671241e-01       4.430153038035e-02 
       5.512420904404e-01       4.376534425214e-02 
       5.543431138726e-01       4.323917870409e-02 
       5.574441374189e-01       4.272217950430e-02 
       5.605451610773e-01       4.221346780938e-02 
       5.636461848459e-01       4.171260525352e-02 
       5.667472087230e-01       4.121947357753e-02 
       5.698482327068e-01       4.073393771118e-02 
       5.729492567955e-01       4.025587709303e-02 
       5.760502809874e-01       3.978506895015e-02 
       5.791513052809e-01       3.932105510291e-02 
       5.822523296744e-01       3.886357244462e-02 
       5.853533541662e-01       3.841246187423e-02 
       5.884543787547e-01       3.796786444498e-02 
       5.915554034386e-01       3.753023062971e-02 
       5.946564282162e-01       3.709985354711e-02 
       5.977574530862e-01       3.667686164116e-02 
       6.008584780470e-01       3.626126110531e-02 
       6.039595030973e-01       3.585284938890e-02 
       6.070605282357e-01       3.545113597028e-02 
       6.101615534608e-01       3.505592745144e-02 
       6.132625787714e-01       3.466703606837e-02 
       6.163636041661e-01       3.428455626709e-02 
       6.194646296437e-01       3.390841446749e-02 
       6.225656552030e-01       3.353844246500e-02 
       6.256666808426e-01       3.317435133381e-02 
       6.287677065615e-01       3.281570835989e-02 
       6.318687323584e-01       3.246205195942e-02 
       6.349697582322e-01       3.211318995594e-02 
       6.380707841818e-01       3.176909625081e-02 
       6.411718102061e-01       3.142986875621e-02 
       6.442728363040e-01       3.109561776449e-02 
       6.473738624744e-01       3.076637745946e-02 
       6.504748887164e-01       3.044201712599e-02 
       6.535759150288e-01       3.012229224917e-02 
       6.566769414107e-01       2.980704199937e-02 
       6.597779678610e-01       2.949612248489e-02 
       6.628789943790e-01       2.918962524603e-02 
       6.659800209635e-01       2.888771054271e-02 
       6.690810476136e-01       2.859042128479e-02 
       6.721820743285e-01       2.829778960560e-02 
       6.752831011073e-01       2.800960040310e-02 
       6.783841279491e-01       2.772562579380e-02 
       6.814851548529e-01       2.744559575095e-02 
       6.845861818180e-01       2.716937144995e-02 
       6.876872088436e-01       2.689694144526e-02 
       6.907882359288e-01       2.662834730943e-02 
       6.938892630728e-01       2.636362852303e-02 
       6.969902902749e-01       2.610272682460e-02 
       7.000913175342e-01       2.584548506540e-02 
       7.031923448500e-01       2.559166725068e-02 
       7.062933722216e-01       2.534104827676e-02 
       7.093943996482e-01       2.509360249448e-02 
       7.124954271291e-01       2.484936313042e-02 
       7.155964546636e-01       2.460839896824e-02 
       7.186974822509e-01       2.437083801592e-02 
       7.217985098906e-01       2.413665504250e-02 
       7.248995375817e-01       2.390567621774e-02 
       7.280005653238e-01       2.367778166529e-02 
       7.464455758151e-01       2.238214447884e-02 
       7.651667369126e-01       2.116689494276e-02 
       7.841776806813e-01       2.002498829589e-02 
       8.034934156659e-01       1.895070007356e-02 
       8.231301147915e-01       1.793892566375e-02 
       8.431049008713e-01       1.698546860940e-02 
       8.634356368620e-01       1.608612290339e-02 
       8.841407268964e-01       1.523725929651e-02 
       9.052389329755e-01       1.443505180781e-02 
       9.267492110784e-01       1.367665403778e-02 
       9.486905693738e-01       1.295905761651e-02 
       9.710819502047e-01       1.227939994540e-02 
       9.939421365888e-01       1.163611593234e-02 
       1.017289683121e+00       1.102620190587e-02 
       1.041142870404e+00       1.044796280802e-02 
       1.065519681468e+00       9.899953333072e-03 
       1.090437798090e+00       9.380138946895e-03 
       1.115914614496e+00       8.887116358158e-03 
       1.141967265644e+00       8.419522821724e-03 
       1.168612667124e+00       7.975982289869e-03 
       1.195867563719e+00       7.555295060612e-03 
       1.223748583763e+00       7.156041266139e-03 
       1.252272296696e+00       6.777274417301e-03 
       1.281455271503e+00       6.417861616084e-03 
       1.311314134122e+00       6.077103967613e-03 
       1.341865622330e+00       5.753906909300e-03 
       1.373126636993e+00       5.447368446172e-03 
       1.405114289018e+00       5.156672143774e-03 
       1.437845941636e+00       4.881104540729e-03 
       1.471339247998e+00       4.619755193361e-03 
       1.505612184263e+00       4.371964512559e-03 
       1.540683078543e+00       4.137136204516e-03 
       1.576570636173e+00       3.914525635970e-03 
       1.613293961846e+00       3.703612950886e-03 
       1.650872579130e+00       3.503692952777e-03 
       1.689326447901e+00       3.314328465865e-03 
       1.728675980162e+00       3.134890768059e-03 
       1.768942054649e+00       2.964935713510e-03 
       1.810146030594e+00       2.803934932937e-03 
       1.852309760920e+00       2.651466226477e-03 
       1.895455605103e+00       2.507049236271e-03 
       1.939606441877e+00       2.370351436394e-03 
       1.984785681927e+00       2.240822466959e-03 
       2.031017280652e+00       2.118251620851e-03 
       2.078325751098e+00       2.002221061909e-03 
       2.126736177086e+00       1.892374852958e-03 
       2.176274226598e+00       1.788490439995e-03 
       2.226966165435e+00       1.690167634331e-03 
       2.278838871174e+00       1.597136489271e-03 
       2.331919847426e+00       1.509022859141e-03 
       2.386237238440e+00       1.425690764980e-03 
       2.441819844019e+00       1.346868702771e-03 
       2.498697134798e+00       1.272289007729e-03 
       2.556899267871e+00       1.201811136571e-03 
       2.616457102781e+00       1.135063674450e-03 
       2.677402217879e+00       1.071991987278e-03 
       2.739766927073e+00       1.012364994994e-03 
       2.803584296956e+00       9.559618686006e-04 
       2.868888164343e+00       9.026472356351e-04 
       2.935713154210e+00       8.522591910782e-04 
       3.004094698049e+00       8.045899801372e-04 
       3.074069052662e+00       7.595505996553e-04 
       3.145673319376e+00       7.169781312298e-04 
       3.218945463722e+00       6.767923384966e-04 
       3.293924335560e+00       6.387733274918e-04 
       3.370649689682e+00       6.028866900294e-04 
       3.449162206885e+00       5.689257527987e-04 
       3.529503515545e+00       5.368908365047e-04 
       3.611716213687e+00       5.066026621313e-04 
       3.695843891573e+00       4.779907285106e-04 
       3.781931154810e+00       4.509736389723e-04 
       3.870023648006e+00       4.254575122795e-04 
       3.960168078965e+00       4.013608861684e-04 
       4.052412243459e+00       3.786018984344e-04 
       4.146805050564e+00       3.571147478957e-04 
       4.243396548597e+00       3.368272218744e-04 
       4.342237951647e+00       3.176729791854e-04 
       4.443381666736e+00       2.995813131836e-04 
       4.546881321600e+00       2.825267635319e-04 
       4.652791793126e+00       2.663934647028e-04 
       4.761169236447e+00       2.511918598251e-04 
       4.872071114719e+00       2.368354964278e-04 
       4.985556229585e+00       2.232885936269e-04 
       5.101684752356e+00       2.105072597848e-04 
       5.220518255912e+00       1.984435162609e-04 
       5.342119747348e+00       1.870528308479e-04 
       5.466553701386e+00       1.763225436374e-04 
       5.593886094555e+00       1.661806327222e-04 
       5.724184440175e+00       1.566302143445e-04 
       5.857517824153e+00       1.476185769996e-04 
       5.993956941616e+00       1.391107025877e-04 
       6.133574134388e+00       1.310864119123e-04 
       6.276443429353e+00       1.235209036279e-04 
       6.422640577704e+00       1.163850983036e-04 
       6.572243095103e+00       1.096477931856e-04 
       6.725330302784e+00       1.033118483781e-04 
       6.881983369612e+00       9.733289259360e-05 
       7.042285355117e+00       9.169464631704e-05 
       7.206321253533e+00       8.637247439800e-05 
       7.374178038864e+00       8.135803425626e-05 
       7.545944711000e+00       7.662441927449e-05 
       7.721712342904e+00       7.217256969916e-05 
       7.901574128902e+00       6.797015287576e-05 
       8.085625434092e+00       6.401131163807e-05 
       8.273963844913e+00       6.026872339382e-05 
       8.466689220884e+00       5.676537836379e-05 
       8.663903747550e+00       5.345331907433e-05 
       8.865711990663e+00       5.032843611950e-05 
       9.072220951624e+00       4.738670670373e-05 
       9.283540124220e+00       4.460928938385e-05 
       9.499781552672e+00       4.199887168657e-05 
       9.721059891047e+00       3.953245870899e-05 
       9.947492464050e+00       3.721995406621e-05 
       1.017919932923e+01       3.503547568030e-05 
       1.041630334063e+01       3.297488280708e-05 
       1.065893021393e+01       3.103842358369e-05 
       1.090720859313e+01       2.921159086472e-05 
       1.116127011869e+01       2.748892362820e-05 
       1.142124949741e+01       2.587195773384e-05 
       1.168728457379e+01       2.434009837467e-05 
       1.195951640315e+01       2.290617831461e-05 
       1.223808932641e+01       2.155338177659e-05 
       1.252315104662e+01       2.027856433590e-05 
       1.281485270728e+01       1.908067079355e-05 
       1.311334897247e+01       1.795013430693e-05 
       1.341879810886e+01       1.688393673522e-05 
       1.373136206963e+01       1.588443796384e-05 
       1.405120658032e+01       1.493980062816e-05 
       1.437850122673e+01       1.405247899744e-05 
       1.471341954482e+01       1.321644916413e-05 
       1.505613911270e+01       1.243095787738e-05 
       1.540684164483e+01       1.168994265941e-05 
       1.576571308833e+01       1.099298371020e-05 
       1.613294372160e+01       1.033443503049e-05 
       1.650872825517e+01       9.717700174004e-06 
       1.689326593498e+01       9.137924191346e-06 
       1.728676064800e+01       8.589781442254e-06 
       1.768942103034e+01       8.074374492704e-06 
       1.810146057785e+01       7.589644770347e-06 
       1.852309775936e+01       7.132883104482e-06 
       1.895455613248e+01       6.705917857654e-06 
       1.939606446216e+01       6.300635722164e-06 
       1.984785684196e+01       5.921358609480e-06 
       2.031017281816e+01       5.562284120246e-06 
       2.078325751684e+01       5.224558263561e-06 
       2.126736177375e+01       4.908915179073e-06 
       2.176274226738e+01       4.609867102345e-06 
       2.226966165502e+01       4.331389110113e-06 
       2.278838871204e+01       4.067758893770e-06 
       2.331919847440e+01       3.817561177674e-06 
       2.386237238446e+01       3.586145809217e-06 
       2.441819844021e+01       3.364687843390e-06 
       2.498697134799e+01       3.157068030518e-06 
       2.556899267872e+01       2.963438697921e-06 
       2.616457102781e+01       2.780726394560e-06 
       2.677402217879e+01       2.607162689476e-06 
       2.739766927073e+01       2.446457555753e-06 
       2.803584296956e+01       2.294059551409e-06 
       2.868888164343e+01       2.149572610897e-06 
       2.935713154210e+01       2.016278278749e-06 
       3.004094698049e+01       1.888370893029e-06 
       3.074069052662e+01       1.769782394485e-06 
       3.145673319376e+01       1.656220058695e-06 
       3.218945463722e+01       1.551254404745e-06 
       3.293924335560e+01       1.452130028632e-06 
       3.370649689682e+01       1.357927603469e-06 
       3.449162206885e+01       1.269978523180e-06 
       3.529503515545e+01       1.187190917429e-06 
       3.611716213687e+01       1.111337662319e-06 
       3.695843891573e+01       1.036814932308e-06 
       3.781931154810e+01       9.642265826926e-07 
       3.870023648006e+01       9.012116645307e-07 
       3.960168078965e+01       8.396389634903e-07 
       4.052412243459e+01       7.823667284211e-07 
       4.146805050564e+01       7.283325969119e-07 
       4.243396548597e+01       6.778053793790e-07 
       4.342237951647e+01       6.300429444288e-07 
       4.443381666736e+01       5.850916126672e-07 
       4.546881321600e+01       5.423295825312e-07 
       4.652791793126e+01       5.059103755799e-07 
       4.761169236447e+01       4.632168475148e-07 
       4.872071114719e+01       4.328207263533e-07 
       4.985556229585e+01       3.986629543421e-07 
       5.101684752356e+01       3.670596498277e-07 
       5.220518255912e+01       3.372336617064e-07 
       5.342119747348e+01       3.093722362354e-07 
       5.466553701386e+01       2.846131169364e-07 
       5.593886094555e+01       2.665126764363e-07 
       5.724184440175e+01       2.427603671369e-07 
       5.857517824153e+01       2.209038533690e-07 
       5.993956941616e+01       1.946785602133e-07 
       6.133574134388e+01       1.744459958170e-07 
       6.276443429353e+01       1.550723628999e-07 
       6.422640577704e+01       1.701639941052e-07 
       6.572243095103e+01       1.528305857386e-07 
       6.725330302784e+01       1.446430101267e-07 
       6.881983369612e+01       1.044200481727e-07 
       7.042285355117e+01       1.230334019617e-07 
       7.206321253533e+01       9.672022015188e-08 
       7.374178038864e+01       1.037881911328e-07 
       7.545944711000e+01       8.933777389717e-08 
       7.721712342904e+01       7.981507958657e-08 
       7.901574128902e+01       2.090984136955e-08 
       8.085625434092e+01       7.595495761581e-08 
       8.273963844913e+01       2.147379324979e-08 
       8.466689220884e+01       2.152886092867e-08 
       8.663903747550e+01       2.889194474380e-08 
       8.865711990663e+01       8.862122071071e-08 
       9.072220951624e+01       6.584122819422e-09 
       9.283540124220e+01       1.232211065934e-08 
       9.499781552671e+01       8.262982558623e-09 
       9.721059891047e+01       8.906490157795e-09 
       9.947492464050e+01       1.306481598256e-09 
       1.017919932923e+02       1.749061634140e-08 
       1.041630334063e+02       8.052671370174e-09 
       1.065893021393e+02       4.164760327856e-10 
       1.090720859313e+02       1.129599018338e-08 
       1.116127011869e+02       3.446508998054e-09 
       1.142124949741e+02       5.565592713339e-09 
       1.168728457379e+02       6.766942142489e-09 
       1.195951640315e+02       1.336013586910e-08 
       1.223808932641e+02       1.864744176244e-07 
       1.252315104662e+02       1.165225688291e-08 
       1.281485270728e+02       7.122461735140e-10 
       1.311334897247e+02       9.569389905270e-09 
       1.341879810886e+02       5.061307593276e-08 
       1.373136206963e+02       1.380894512214e-08 
       1.405120658032e+02       6.158086680618e-08 
       1.437850122673e+02       2.121030558512e-08 
       1.471341954482e+02       5.041322335653e-07 
       1.505613911270e+02       1.572515421317e-07 
       1.540684164483e+02       5.697420460313e-08 
       1.576571308833e+02       4.147794173510e-09 
       1.613294372160e+02       1.692671634776e-07 
       1.650872825517e+02       1.121140564124e-06 
       1.689326593498e+02       4.808673212687e-07 
       1.728676064800e+02       6.561251355173e-07 
       1.768942103034e+02       9.051782995831e-08 
       1.810146057785e+02       4.661532868572e-09 
       1.852309775936e+02       1.505606007879e-07 
       1.895455613248e+02       3.823424675838e-07 
       1.939606446216e+02       7.283171184104e-08 
       1.984785684196e+02       5.104696122882e-07 
       2.031017281816e+02       5.499227634778e-07 
