# Matter power spectrum P(k) at redshift z=99
# for k=1.00899e-05 to 203.102 h/Mpc,
# number of wavenumbers equal to 845
#    1:k (h/Mpc)              2:P (Mpc/h)^3        
       1.008985923385e-05       8.602967812114e-03 
       2.251775554930e-05       1.859267258832e-02 
       3.498636120606e-05       2.838303817370e-02 
       4.752690065129e-05       3.808689347093e-02 
       6.017107953816e-05       4.776642638359e-02 
       7.295134796828e-05       5.746699488552e-02 
       8.590117159567e-05       6.722655095341e-02 
       9.905531396721e-05       7.707946771277e-02 
       1.124501335013e-04       8.705846665255e-02 
       1.261238985365e-04       9.719576137043e-02 
       1.401171238971e-04       1.075238294134e-01 
       1.544729323969e-04       1.180759910060e-01 
       1.692374446017e-04       1.288868979779e-01 
       1.844601999509e-04       1.399929601686e-01 
       2.001946119308e-04       1.514327541718e-01 
       2.164984593225e-04       1.632474202887e-01 
       2.334344144963e-04       1.754810605475e-01 
       2.510706081659e-04       1.881811447027e-01 
       2.694812277618e-04       2.013989149185e-01 
       2.887471434300e-04       2.151898071784e-01 
       3.089565513521e-04       2.296138596592e-01 
       3.302056183397e-04       2.447361079686e-01 
       3.525991041884e-04       2.606269590518e-01 
       3.762509288441e-04       2.773624973006e-01 
       4.012846398935e-04       2.950247171626e-01 
       4.278337223492e-04       3.137016244739e-01 
       4.560416776520e-04       3.334871560637e-01 
       4.860617833901e-04       3.544808704882e-01 
       5.180564314341e-04       3.767873201456e-01 
       5.521959331310e-04       4.005150490583e-01 
       5.886566802046e-04       4.257751427103e-01 
       6.276185644258e-04       4.526792484912e-01 
       6.692615935926e-04       4.813370691524e-01 
       7.137617004578e-04       5.118533184123e-01 
       7.612858262925e-04       5.443242086814e-01 
       8.119864673565e-04       5.788336225684e-01 
       8.659959883789e-04       6.154492103881e-01 
       9.234211117495e-04       6.542186657083e-01 
       9.843380585498e-04       6.951665567479e-01 
       1.048788822721e-03       7.382919959365e-01 
       1.116778987109e-03       7.835674718189e-01 
       1.188277341859e-03       8.309389448899e-01 
       1.263217364320e-03       8.803274650126e-01 
       1.341500404014e-03       9.316401400256e-01 
       1.423000230117e-03       9.847501033156e-01 
       1.507568477514e-03       1.039521867084e+00 
       1.595040487398e-03       1.095809255092e+00 
       1.685241075052e-03       1.153459597491e+00 
       1.777989849946e-03       1.212317514563e+00 
       1.873105833493e-03       1.272228194142e+00 
       1.970411241375e-03       1.333040087190e+00 
       2.069734401352e-03       1.394606873156e+00 
       2.170911854437e-03       1.456788986183e+00 
       2.273789735608e-03       1.519454596522e+00 
       2.378224553543e-03       1.582480021426e+00 
       2.484083493407e-03       1.645750089820e+00 
       2.591244358870e-03       1.709157826354e+00 
       2.699595254824e-03       1.772604725821e+00 
       2.809034094888e-03       1.835999831499e+00 
       2.919468000394e-03       1.899259798659e+00 
       3.030812641761e-03       1.962308071409e+00 
       3.142991559685e-03       2.025074990189e+00 
       3.255935492585e-03       2.087496408970e+00 
       3.369581728141e-03       2.149514196582e+00 
       3.483873490193e-03       2.211075185346e+00 
       3.598759367421e-03       2.272131621696e+00 
       3.714192786759e-03       2.332639136266e+00 
       3.830131532053e-03       2.392558506202e+00 
       3.946537306880e-03       2.451853388120e+00 
       4.063375339396e-03       2.510492153763e+00 
       4.180614026477e-03       2.568444956544e+00 
       4.298224614140e-03       2.625686648670e+00 
       4.416180911106e-03       2.682193771014e+00 
       4.534459032436e-03       2.737945375753e+00 
       4.653037170281e-03       2.792923881438e+00 
       4.771895388998e-03       2.847112916877e+00 
       4.891015442065e-03       2.900499658256e+00 
       5.010380608463e-03       2.953071993963e+00 
       5.129975546421e-03       3.004819265700e+00 
       5.249786162607e-03       3.055734536426e+00 
       5.369799495068e-03       3.105810434296e+00 
       5.490003608392e-03       3.155043150812e+00 
       5.610387499743e-03       3.203428369336e+00 
       5.730941014549e-03       3.250963363673e+00 
       5.851654770797e-03       3.297647430998e+00 
       5.972520090970e-03       3.343481257889e+00 
       6.093528940795e-03       3.388465095211e+00 
       6.214673874059e-03       3.432601122555e+00 
       6.335947982840e-03       3.475892691987e+00 
       6.457344852562e-03       3.518342224559e+00 
       6.578858521367e-03       3.559955894617e+00 
       6.700483443346e-03       3.600738265475e+00 
       6.822214455222e-03       3.640693801076e+00 
       6.944046746129e-03       3.679829903696e+00 
       7.065975830168e-03       3.718153610490e+00 
       7.187997521452e-03       3.755670034834e+00 
       7.310107911398e-03       3.792389649344e+00 
       7.432303348035e-03       3.828319589771e+00 
       7.554580417124e-03       3.863467724689e+00 
       7.676935924931e-03       3.897840677194e+00 
       7.799366882465e-03       3.931449080213e+00 
       7.921870491067e-03       3.964301712102e+00 
       8.044444129208e-03       3.996407086576e+00 
       8.167085340379e-03       4.027774616262e+00 
       8.289791821990e-03       4.058412369242e+00 
       8.412561415158e-03       4.088331182710e+00 
       8.535392095331e-03       4.117539419413e+00 
       8.658281963652e-03       4.146046080716e+00 
       8.781229239010e-03       4.173859652587e+00 
       8.904232250708e-03       4.200991972576e+00 
       9.027289431704e-03       4.227449681231e+00 
       9.150399312368e-03       4.253241996761e+00 
       9.273560514714e-03       4.278378703659e+00 
       9.396771747065e-03       4.302868169248e+00 
       9.520031799123e-03       4.326718670181e+00 
       9.643339537395e-03       4.349940103187e+00 
       9.766693900965e-03       4.372538589028e+00 
       9.890093897566e-03       4.394524936366e+00 
       1.001353859994e-02       4.415907234318e+00 
       1.013702714247e-02       4.436691212551e+00 
       1.026055871802e-02       4.456886267368e+00 
       1.038413257505e-02       4.476499693534e+00 
       1.050774801489e-02       4.495542346677e+00 
       1.063140438921e-02       4.514014873109e+00 
       1.075510109773e-02       4.531932541200e+00 
       1.087883758598e-02       4.549297473555e+00 
       1.100261334330e-02       4.566116390604e+00 
       1.112642790095e-02       4.582398006257e+00 
       1.125028083038e-02       4.598149615284e+00 
       1.137417174154e-02       4.613376683058e+00 
       1.149810028141e-02       4.628087563641e+00 
       1.162206613256e-02       4.642285404871e+00 
       1.174606901183e-02       4.655979716968e+00 
       1.187010866910e-02       4.669175516984e+00 
       1.199418488617e-02       4.681879539668e+00 
       1.211829747567e-02       4.694096243882e+00 
       1.224244628010e-02       4.705833919704e+00 
       1.236663117090e-02       4.717096854029e+00 
       1.249085204757e-02       4.727890772812e+00 
       1.261510883696e-02       4.738222789171e+00 
       1.273940149246e-02       4.748095793241e+00 
       1.286372999336e-02       4.757519768703e+00 
       1.298809434421e-02       4.766496632595e+00 
       1.311249457428e-02       4.775032012164e+00 
       1.323693073698e-02       4.783132024155e+00 
       1.336140290942e-02       4.790802875855e+00 
       1.348591119193e-02       4.798050318217e+00 
       1.361045570765e-02       4.804877909476e+00 
       1.373503660222e-02       4.811291532830e+00 
       1.385965404336e-02       4.817297039192e+00 
       1.398430822064e-02       4.822898482841e+00 
       1.410899934517e-02       4.828102376964e+00 
       1.423372764937e-02       4.832910886677e+00 
       1.435849338678e-02       4.837333752008e+00 
       1.448329683185e-02       4.841371508953e+00 
       1.460813827981e-02       4.845030697006e+00 
       1.473301804651e-02       4.848318848620e+00 
       1.485793646835e-02       4.851237661573e+00 
       1.498289390217e-02       4.853790829834e+00 
       1.510789072521e-02       4.855988923341e+00 
       1.523292733507e-02       4.857831341335e+00 
       1.535800414968e-02       4.859324152348e+00 
       1.548312160735e-02       4.860474317154e+00 
       1.560828016672e-02       4.861288567718e+00 
       1.573348030688e-02       4.861762319577e+00 
       1.585872252741e-02       4.861907293286e+00 
       1.598400734844e-02       4.861728493188e+00 
       1.610933531079e-02       4.861228202736e+00 
       1.623470697605e-02       4.860411958494e+00 
       1.636012292677e-02       4.859286339478e+00 
       1.648558376655e-02       4.857851043532e+00 
       1.661109012028e-02       4.856114773970e+00 
       1.673664263428e-02       4.854079279211e+00 
       1.686224197652e-02       4.851752616998e+00 
       1.698788883685e-02       4.849137106411e+00 
       1.711358392725e-02       4.846233241644e+00 
       1.723932798205e-02       4.843052205210e+00 
       1.736512175823e-02       4.839593220389e+00 
       1.749096603570e-02       4.835862594259e+00 
       1.761686161762e-02       4.831861789210e+00 
       1.774280933070e-02       4.827604477749e+00 
       1.786881002554e-02       4.823081368617e+00 
       1.799486457700e-02       4.818309382845e+00 
       1.812097388457e-02       4.813281468466e+00 
       1.824713887274e-02       4.808005069200e+00 
       1.837336049141e-02       4.802487892645e+00 
       1.849963971633e-02       4.796732778217e+00 
       1.862597754953e-02       4.790737876144e+00 
       1.875237501977e-02       4.784514098846e+00 
       1.887883318301e-02       4.778061629552e+00 
       1.900535312294e-02       4.771389174873e+00 
       1.913193595143e-02       4.764492907382e+00 
       1.925858280911e-02       4.757382723908e+00 
       1.938529486592e-02       4.750055850580e+00 
       1.951207332163e-02       4.742524166854e+00 
       1.963891940648e-02       4.734782482903e+00 
       1.976583438176e-02       4.726848611391e+00 
       1.989281954046e-02       4.718705131178e+00 
       2.001987620788e-02       4.710371287152e+00 
       2.014700574237e-02       4.701849967814e+00 
       2.027420953594e-02       4.693136347635e+00 
       2.040148901504e-02       4.684239995960e+00 
       2.052884564128e-02       4.675162102224e+00 
       2.065628091220e-02       4.665908718915e+00 
       2.078379636203e-02       4.656482566843e+00 
       2.091139356253e-02       4.646884361133e+00 
       2.103907412384e-02       4.637111372267e+00 
       2.116683969530e-02       4.627185295280e+00 
       2.129469196640e-02       4.617087419736e+00 
       2.142263266765e-02       4.606831411908e+00 
       2.155066357157e-02       4.596432242749e+00 
       2.167878649364e-02       4.585883228306e+00 
       2.180700329333e-02       4.575170734623e+00 
       2.193531587513e-02       4.564322346828e+00 
       2.206372618964e-02       4.553326981016e+00 
       2.219223623466e-02       4.542194770083e+00 
       2.232084805636e-02       4.530931302045e+00 
       2.244956375042e-02       4.519529666926e+00 
       2.257838546331e-02       4.507993945729e+00 
       2.270731539347e-02       4.496338736330e+00 
       2.283635579267e-02       4.484554689551e+00 
       2.296550896730e-02       4.472639225198e+00 
       2.309477727980e-02       4.460624975617e+00 
       2.322416315002e-02       4.448493658834e+00 
       2.335366905675e-02       4.436233521141e+00 
       2.348329753921e-02       4.423869097082e+00 
       2.361305119861e-02       4.411393920140e+00 
       2.374293269977e-02       4.398815562144e+00 
       2.387294477280e-02       4.386139939753e+00 
       2.400309021484e-02       4.373357459127e+00 
       2.413337189178e-02       4.360486809253e+00 
       2.426379274017e-02       4.347517767787e+00 
       2.439435576908e-02       4.334449083481e+00 
       2.452506406208e-02       4.321299455858e+00 
       2.465592077927e-02       4.308056661601e+00 
       2.478692915937e-02       4.294740384723e+00 
       2.491809252189e-02       4.281331992462e+00 
       2.504941426942e-02       4.267836312456e+00 
       2.518089788986e-02       4.254277612903e+00 
       2.531254695892e-02       4.240653055763e+00 
       2.544436514254e-02       4.226932373675e+00 
       2.557635619949e-02       4.213154869739e+00 
       2.570852398403e-02       4.199297185238e+00 
       2.584087244865e-02       4.185385637767e+00 
       2.597340564696e-02       4.171394691048e+00 
       2.610612773662e-02       4.157357817521e+00 
       2.623904298241e-02       4.143256500922e+00 
       2.637215575941e-02       4.129094093773e+00 
       2.650547055630e-02       4.114884655235e+00 
       2.663899197875e-02       4.100605373466e+00 
       2.677272475300e-02       4.086292617011e+00 
       2.690667372948e-02       4.071924815900e+00 
       2.704084388668e-02       4.057498689932e+00 
       2.717524033506e-02       4.043039769607e+00 
       2.730986832117e-02       4.028540353529e+00 
       2.744473323193e-02       4.013992889572e+00 
       2.757984059904e-02       3.999392564076e+00 
       2.771519610360e-02       3.984768876498e+00 
       2.785080558089e-02       3.970115318793e+00 
       2.798667502534e-02       3.955403415948e+00 
       2.812281059571e-02       3.940681011529e+00 
       2.825921862046e-02       3.925907992656e+00 
       2.839590560337e-02       3.911123267323e+00 
       2.853287822937e-02       3.896299850043e+00 
       2.867014337060e-02       3.881453067712e+00 
       2.880770809274e-02       3.866572677674e+00 
       2.894557966159e-02       3.851672444992e+00 
       2.908376554997e-02       3.836761941362e+00 
       2.922227344485e-02       3.821820513175e+00 
       2.936111125486e-02       3.806860647530e+00 
       2.950028711803e-02       3.791886135313e+00 
       2.963980940998e-02       3.776887472482e+00 
       2.977968675242e-02       3.761873748197e+00 
       2.991992802197e-02       3.746850370593e+00 
       3.006054235952e-02       3.731817693259e+00 
       3.020153917986e-02       3.716766986524e+00 
       3.034292818185e-02       3.701709827914e+00 
       3.048471935906e-02       3.686638507890e+00 
       3.062692301082e-02       3.671556380156e+00 
       3.076954975391e-02       3.656489581890e+00 
       3.091261053472e-02       3.641403769631e+00 
       3.105611664203e-02       3.626311110183e+00 
       3.120007972039e-02       3.611204428554e+00 
       3.134451178417e-02       3.596107552819e+00 
       3.148942523232e-02       3.581008613601e+00 
       3.163483286384e-02       3.565910408291e+00 
       3.178074789403e-02       3.550815620120e+00 
       3.192718397158e-02       3.535713055874e+00 
       3.207415519655e-02       3.520612071781e+00 
       3.222167613928e-02       3.505518845019e+00 
       3.236976186026e-02       3.490421572911e+00 
       3.251842793110e-02       3.475350752615e+00 
       3.266769045662e-02       3.460255811877e+00 
       3.281756609808e-02       3.445191448169e+00 
       3.296807209781e-02       3.430114099921e+00 
       3.311922630503e-02       3.415040008884e+00 
       3.327104720329e-02       3.399994350383e+00 
       3.342355393934e-02       3.384947963145e+00 
       3.357676635374e-02       3.369893845363e+00 
       3.373070501315e-02       3.354875292745e+00 
       3.388539124463e-02       3.339855571096e+00 
       3.404084717188e-02       3.324844185274e+00 
       3.419709575366e-02       3.309843255504e+00 
       3.435416082463e-02       3.294859747576e+00 
       3.451206713858e-02       3.279885793660e+00 
       3.467084041444e-02       3.264914863461e+00 
       3.483050738512e-02       3.249944751873e+00 
       3.499109584951e-02       3.234994893842e+00 
       3.515263472782e-02       3.220076845199e+00 
       3.531515412053e-02       3.205152903969e+00 
       3.547868537122e-02       3.190244181172e+00 
       3.564326113364e-02       3.175350213868e+00 
       3.580891544335e-02       3.160461985411e+00 
       3.597568379423e-02       3.145586799778e+00 
       3.614360322038e-02       3.130733558823e+00 
       3.631271238380e-02       3.115877112749e+00 
       3.648305166828e-02       3.101033096171e+00 
       3.665466328025e-02       3.086215100528e+00 
       3.682759135694e-02       3.071399936254e+00 
       3.700188208264e-02       3.056601616411e+00 
       3.717758381384e-02       3.041809400460e+00 
       3.735474721393e-02       3.027023275695e+00 
       3.753342539844e-02       3.012246288730e+00 
       3.771367409180e-02       2.997477888823e+00 
       3.789555179669e-02       2.982729553651e+00 
       3.807911997726e-02       2.967975215802e+00 
       3.826444325751e-02       2.953238926975e+00 
       3.845158963647e-02       2.938507251251e+00 
       3.864063072175e-02       2.923781005552e+00 
       3.883164198345e-02       2.909057256391e+00 
       3.902470303062e-02       2.894334194718e+00 
       3.921989791253e-02       2.879616544653e+00 
       3.941731544758e-02       2.864898374138e+00 
       3.961704958289e-02       2.850180101412e+00 
       3.981919978798e-02       2.835465752876e+00 
       4.002387148648e-02       2.820752078134e+00 
       4.023117653032e-02       2.806027498950e+00 
       4.044123372141e-02       2.791296974176e+00 
       4.065416938658e-02       2.776562895402e+00 
       4.087011801240e-02       2.761819539144e+00 
       4.108922294733e-02       2.747068531057e+00 
       4.131163717982e-02       2.732295668073e+00 
       4.153752420241e-02       2.717514511966e+00 
       4.176705897322e-02       2.702720903121e+00 
       4.200042898802e-02       2.687896817530e+00 
       4.223783547839e-02       2.673063305324e+00 
       4.247949475379e-02       2.658198463325e+00 
       4.272563970839e-02       2.643300789094e+00 
       4.297652151713e-02       2.628381407151e+00 
       4.323241154967e-02       2.613413536062e+00 
       4.349360353592e-02       2.598420540078e+00 
       4.376041602319e-02       2.583376116212e+00 
       4.403319517213e-02       2.568288218970e+00 
       4.431231794788e-02       2.553144603205e+00 
       4.459819577357e-02       2.537951737401e+00 
       4.489127872701e-02       2.522690860112e+00 
       4.519206037738e-02       2.507355775023e+00 
       4.550108337953e-02       2.491955319516e+00 
       4.581894596815e-02       2.476476114212e+00 
       4.614630952536e-02       2.460895876450e+00 
       4.648390743429e-02       2.445205030858e+00 
       4.683255547970e-02       2.429423535462e+00 
       4.719316411816e-02       2.413511217814e+00 
       4.756675301773e-02       2.397473985763e+00 
       4.795446836503e-02       2.381304581909e+00 
       4.835760356241e-02       2.364984938808e+00 
       4.877762409663e-02       2.348471698670e+00 
       4.921619756285e-02       2.331756763735e+00 
       4.967523008562e-02       2.314807134050e+00 
       5.015691070604e-02       2.297612024516e+00 
       5.066376571717e-02       2.280138095238e+00 
       5.119872544391e-02       2.262329559649e+00 
       5.176520658853e-02       2.244168170543e+00 
       5.236721399178e-02       2.225581795016e+00 
       5.300946644312e-02       2.206497895493e+00 
       5.369755187007e-02       2.186830547551e+00 
       5.443811751592e-02       2.166473683796e+00 
       5.523909986870e-02       2.145284406454e+00 
       5.610999570581e-02       2.123072442823e+00 
       5.706216694303e-02       2.099585400808e+00 
       5.810915312358e-02       2.074506475233e+00 
       5.926692834861e-02       2.047375870300e+00 
       6.055397337690e-02       2.017598467344e+00 
       6.199093019779e-02       1.984361114590e+00 
       6.359947941573e-02       1.946612993252e+00 
       6.540001143586e-02       1.903062266137e+00 
       6.740785584535e-02       1.852257320595e+00 
       6.962856954584e-02       1.792837959427e+00 
       7.205402576627e-02       1.723966948708e+00 
       7.466181558845e-02       1.645822502409e+00 
       7.741925945704e-02       1.559910671747e+00 
       8.029037151845e-02       1.468993032325e+00 
       8.324228136121e-02       1.376615277008e+00 
       8.624873568324e-02       1.286485288073e+00 
       8.929066763551e-02       1.201900681337e+00 
       9.235510012400e-02       1.125366261274e+00 
       9.543357075755e-02       1.058432744306e+00 
       9.852071039889e-02       1.001694741007e+00 
       1.016131705669e-01       9.548816622587e-01 
       1.047088850236e-01       9.170537618641e-01 
       1.078065869652e-01       8.867527216496e-01 
       1.109055026927e-01       8.621976375997e-01 
       1.140051606950e-01       8.414580388760e-01 
       1.171052739291e-01       8.226240332681e-01 
       1.202056676986e-01       8.039757786376e-01 
       1.233062356398e-01       7.841143771290e-01 
       1.264069129232e-01       7.620885287878e-01 
       1.295076599588e-01       7.374411108927e-01 
       1.326084524970e-01       7.102133355698e-01 
       1.357092756157e-01       6.808635946694e-01 
       1.388101200703e-01       6.501733888169e-01 
       1.419109800763e-01       6.190984145450e-01 
       1.450118519627e-01       5.886374152783e-01 
       1.481127333536e-01       5.597055206207e-01 
       1.512136226708e-01       5.330591578583e-01 
       1.543145188302e-01       5.092142897303e-01 
       1.574154210577e-01       4.884294105655e-01 
       1.605163287752e-01       4.707378909360e-01 
       1.636172415321e-01       4.559419059550e-01 
       1.667181589622e-01       4.436747731844e-01 
       1.698190807569e-01       4.334146259656e-01 
       1.729200066488e-01       4.246132310338e-01 
       1.760209364009e-01       4.166897001115e-01 
       1.791218697997e-01       4.091591213759e-01 
       1.822228066506e-01       4.014244733342e-01 
       1.853237467746e-01       3.930941123950e-01 
       1.884246900064e-01       3.839200521054e-01 
       1.915256361923e-01       3.738195181389e-01 
       1.946265851889e-01       3.628647086839e-01 
       1.977275368625e-01       3.512530595185e-01 
       2.008284910877e-01       3.392732548983e-01 
       2.039294477471e-01       3.272410256544e-01 
       2.070304067303e-01       3.154683141255e-01 
       2.101313679336e-01       3.042219934672e-01 
       2.132323312595e-01       2.937193937878e-01 
       2.163332966159e-01       2.841086122790e-01 
       2.194342639162e-01       2.754739686132e-01 
       2.225352330786e-01       2.678344427186e-01 
       2.256362040257e-01       2.611432720205e-01 
       2.287371766844e-01       2.552967873803e-01 
       2.318381509857e-01       2.501424204908e-01 
       2.349391268640e-01       2.454987594165e-01 
       2.380401042573e-01       2.411705234455e-01 
       2.411410831068e-01       2.369747344036e-01 
       2.442420633567e-01       2.327570433747e-01 
       2.473430449540e-01       2.284022361414e-01 
       2.504440278483e-01       2.238352269251e-01 
       2.535450119918e-01       2.190250161391e-01 
       2.566459973389e-01       2.139787546485e-01 
       2.597469838462e-01       2.087373115104e-01 
       2.628479714724e-01       2.033711807029e-01 
       2.659489601782e-01       1.979708464211e-01 
       2.690499499260e-01       1.926369887739e-01 
       2.721509406800e-01       1.874685086411e-01 
       2.752519324060e-01       1.825502772110e-01 
       2.783529250714e-01       1.779437952962e-01 
       2.814539186449e-01       1.736819706743e-01 
       2.845549130966e-01       1.697737566923e-01 
       2.876559083981e-01       1.662007992589e-01 
       2.907569045219e-01       1.629297932830e-01 
       2.938579014420e-01       1.599114638365e-01 
       2.969588991332e-01       1.570955223504e-01 
       3.000598975715e-01       1.544245672090e-01 
       3.031608967339e-01       1.518418048216e-01 
       3.062618965982e-01       1.492958579086e-01 
       3.093628971433e-01       1.467423385838e-01 
       3.124638983487e-01       1.441498183003e-01 
       3.155649001950e-01       1.415020580590e-01 
       3.186659026633e-01       1.387982676180e-01 
       3.217669057355e-01       1.360513893787e-01 
       3.248679093943e-01       1.332835028395e-01 
       3.279689136230e-01       1.305217108739e-01 
       3.310699184054e-01       1.277944443668e-01 
       3.341709237261e-01       1.251272897279e-01 
       3.372719295702e-01       1.225443211689e-01 
       3.403729359232e-01       1.200652151654e-01 
       3.434739427715e-01       1.177047552832e-01 
       3.465749501015e-01       1.154716854710e-01 
       3.496759579004e-01       1.133667003827e-01 
       3.527769661558e-01       1.113830333969e-01 
       3.558779748558e-01       1.095065087891e-01 
       3.589789839887e-01       1.077189047720e-01 
       3.620799935433e-01       1.059989864073e-01 
       3.651810035090e-01       1.043278879776e-01 
       3.682820138752e-01       1.026893137694e-01 
       3.713830246319e-01       1.010706175411e-01 
       3.744840357693e-01       9.946273878035e-02 
       3.775850472781e-01       9.785959367701e-02 
       3.806860591491e-01       9.625800010912e-02 
       3.837870713735e-01       9.465784645093e-02 
       3.868880839427e-01       9.306198906324e-02 
       3.899890968486e-01       9.147665314788e-02 
       3.930901100830e-01       8.991013854664e-02 
       3.961911236384e-01       8.837142120564e-02 
       3.992921375071e-01       8.686925135492e-02 
       4.023931516818e-01       8.540956060346e-02 
       4.054941661557e-01       8.399632171211e-02 
       4.085951809217e-01       8.263085061713e-02 
       4.116961959733e-01       8.131319212201e-02 
       4.147972113040e-01       8.004189450792e-02 
       4.178982269077e-01       7.881493659019e-02 
       4.209992427782e-01       7.763047362406e-02 
       4.241002589097e-01       7.648404654432e-02 
       4.272012752965e-01       7.537049670580e-02 
       4.303022919330e-01       7.428433561987e-02 
       4.334033088139e-01       7.321925415291e-02 
       4.365043259339e-01       7.217036008777e-02 
       4.396053432879e-01       7.113382195144e-02 
       4.427063608711e-01       7.010800913689e-02 
       4.458073786786e-01       6.909236584194e-02 
       4.489083967058e-01       6.808723875114e-02 
       4.520094149481e-01       6.709335523730e-02 
       4.551104334010e-01       6.611221005662e-02 
       4.582114520605e-01       6.514440093011e-02 
       4.613124709221e-01       6.419195940287e-02 
       4.644134899819e-01       6.325736944183e-02 
       4.675145092360e-01       6.234312370118e-02 
       4.706155286804e-01       6.145140372603e-02 
       4.737165483114e-01       6.058423333136e-02 
       4.768175681254e-01       5.974109595503e-02 
       4.799185881188e-01       5.892170939529e-02 
       4.830196082881e-01       5.812356181959e-02 
       4.861206286300e-01       5.734502961589e-02 
       4.892216491411e-01       5.658392126927e-02 
       4.923226698183e-01       5.583881383046e-02 
       4.954236906585e-01       5.510813931057e-02 
       4.985247116585e-01       5.439053393056e-02 
       5.016257328155e-01       5.368455369132e-02 
       5.047267541264e-01       5.298853217969e-02 
       5.078277755885e-01       5.230124770499e-02 
       5.109287971991e-01       5.162213412258e-02 
       5.140298189553e-01       5.095139670986e-02 
       5.171308408547e-01       5.028993450344e-02 
       5.202318628946e-01       4.963870590783e-02 
       5.233328850725e-01       4.899863187002e-02 
       5.264339073859e-01       4.837025989084e-02 
       5.295349298326e-01       4.775359904357e-02 
       5.326359524101e-01       4.714850014548e-02 
       5.357369751162e-01       4.655482728931e-02 
       5.388379979486e-01       4.597265015682e-02 
       5.419390209052e-01       4.540215775985e-02 
       5.450400439839e-01       4.484346312508e-02 
       5.481410671825e-01       4.429640514735e-02 
       5.512420904991e-01       4.376033413060e-02 
       5.543431139316e-01       4.323424371572e-02 
       5.574441374781e-01       4.271715393848e-02 
       5.605451611368e-01       4.220837805283e-02 
       5.636461849057e-01       4.170739379580e-02 
       5.667472087831e-01       4.121417107047e-02 
       5.698482327671e-01       4.072863027265e-02 
       5.729492568561e-01       4.025066696304e-02 
       5.760502810483e-01       3.977991436673e-02 
       5.791513053420e-01       3.931600376852e-02 
       5.822523297358e-01       3.885847828243e-02 
       5.853533542278e-01       3.840728903032e-02 
       5.884543788167e-01       3.796262357023e-02 
       5.915554035008e-01       3.752489639445e-02 
       5.946564282787e-01       3.709447115759e-02 
       5.977574531490e-01       3.667157512814e-02 
       6.008584781101e-01       3.625606222999e-02 
       6.039595031606e-01       3.584764553333e-02 
       6.070605282993e-01       3.544591738014e-02 
       6.101615535247e-01       3.505062059206e-02 
       6.132625788356e-01       3.466168773792e-02 
       6.163636042306e-01       3.427914347533e-02 
       6.194646297084e-01       3.390300806283e-02 
       6.225656552679e-01       3.353309796211e-02 
       6.256666809078e-01       3.316905083446e-02 
       6.287677066270e-01       3.281046213709e-02 
       6.318687324242e-01       3.245678791101e-02 
       6.349697582983e-01       3.210786270430e-02 
       6.380707842481e-01       3.176369957092e-02 
       6.411718102727e-01       3.142442394122e-02 
       6.442728363709e-01       3.109018428317e-02 
       6.473738625416e-01       3.076099180868e-02 
       6.504748887838e-01       3.043668647750e-02 
       6.535759150964e-01       3.011702180062e-02 
       6.566769414786e-01       2.980172395168e-02 
       6.597779679293e-01       2.949078252432e-02 
       6.628789944474e-01       2.918422479268e-02 
       6.659800210322e-01       2.888226059372e-02 
       6.690810476827e-01       2.858495111035e-02 
       6.721820743978e-01       2.829240290496e-02 
       6.752831011769e-01       2.800426352441e-02 
       6.783841280189e-01       2.772032275881e-02 
       6.814851549230e-01       2.744027076337e-02 
       6.845861818884e-01       2.716399207788e-02 
       6.876872089143e-01       2.689150785330e-02 
       6.907882359997e-01       2.662302027158e-02 
       6.938892631440e-01       2.635816329223e-02 
       6.969902903463e-01       2.609735816177e-02 
       7.000913176059e-01       2.584015122822e-02 
       7.031923449220e-01       2.558632842883e-02 
       7.062933722939e-01       2.533571062658e-02 
       7.093943997207e-01       2.508822292080e-02 
       7.124954272019e-01       2.484392930528e-02 
       7.155964547367e-01       2.460299607485e-02 
       7.186974823243e-01       2.436546146086e-02 
       7.217985099642e-01       2.413126516787e-02 
       7.248995376556e-01       2.390037334682e-02 
       7.280005653980e-01       2.367247465819e-02 
       7.464455758911e-01       2.237686681873e-02 
       7.651667369904e-01       2.116155609855e-02 
       7.841776807609e-01       2.001965202133e-02 
       8.034934157474e-01       1.894532876759e-02 
       8.231301148749e-01       1.793383331242e-02 
       8.431049009566e-01       1.698023597549e-02 
       8.634356369493e-01       1.608088981566e-02 
       8.841407269858e-01       1.523201382114e-02 
       9.052389330669e-01       1.443009216825e-02 
       9.267492111720e-01       1.367165978304e-02 
       9.486905694695e-01       1.295402165990e-02 
       9.710819503027e-01       1.227464035076e-02 
       9.939421366890e-01       1.163106912816e-02 
       1.017289683224e+00       1.102120348686e-02 
       1.041142870509e+00       1.044321017951e-02 
       1.065519681575e+00       9.895126766964e-03 
       1.090437798200e+00       9.375381512092e-03 
       1.115914614608e+00       8.882431494497e-03 
       1.141967265759e+00       8.414879064130e-03 
       1.168612667242e+00       7.971355059785e-03 
       1.195867563839e+00       7.550577000100e-03 
       1.223748583886e+00       7.151338795870e-03 
       1.252272296823e+00       6.772575777295e-03 
       1.281455271632e+00       6.413270085469e-03 
       1.311314134255e+00       6.072530225489e-03 
       1.341865622465e+00       5.749346062749e-03 
       1.373126637132e+00       5.442799971364e-03 
       1.405114289159e+00       5.152109481976e-03 
       1.437845941780e+00       4.876545049617e-03 
       1.471339248146e+00       4.615202537492e-03 
       1.505612184415e+00       4.367435598336e-03 
       1.540683078698e+00       4.132622733533e-03 
       1.576570636332e+00       3.910000787051e-03 
       1.613293962009e+00       3.699105701411e-03 
       1.650872579296e+00       3.499191822510e-03 
       1.689326448072e+00       3.309825919578e-03 
       1.728675980336e+00       3.130376217434e-03 
       1.768942054827e+00       2.960379339848e-03 
       1.810146030777e+00       2.799385356296e-03 
       1.852309761107e+00       2.646890793991e-03 
       1.895455605294e+00       2.502466323431e-03 
       1.939606442072e+00       2.365717397916e-03 
       1.984785682127e+00       2.236236840149e-03 
       2.031017280857e+00       2.113654966629e-03 
       2.078325751307e+00       1.997611529119e-03 
       2.126736177300e+00       1.887768289559e-03 
       2.176274226817e+00       1.783799602973e-03 
       2.226966165660e+00       1.685398866762e-03 
       2.278838871403e+00       1.592287257061e-03 
       2.331919847661e+00       1.504179287269e-03 
       2.386237238680e+00       1.420820967943e-03 
       2.441819844264e+00       1.341964913732e-03 
       2.498697135050e+00       1.267362551055e-03 
       2.556899268129e+00       1.196790377411e-03 
       2.616457103044e+00       1.130057060521e-03 
       2.677402218149e+00       1.066929741458e-03 
       2.739766927348e+00       1.007243844407e-03 
       2.803584297238e+00       9.507955625508e-04 
       2.868888164632e+00       8.974279197842e-04 
       2.935713154505e+00       8.469757189646e-04 
       3.004094698352e+00       7.992679178257e-04 
       3.074069052971e+00       7.541745292484e-04 
       3.145673319693e+00       7.115497093206e-04 
       3.218945464046e+00       6.712639143058e-04 
       3.293924335892e+00       6.331908989063e-04 
       3.370649690021e+00       5.972071966867e-04 
       3.449162207232e+00       5.632016731620e-04 
       3.529503515900e+00       5.310757031695e-04 
       3.611716214051e+00       5.007131347048e-04 
       3.695843891945e+00       4.720329808593e-04 
       3.781931155191e+00       4.449319237028e-04 
       3.870023648395e+00       4.193364304095e-04 
       3.960168079364e+00       3.951506315418e-04 
       4.052412243867e+00       3.723095931734e-04 
       4.146805050982e+00       3.507379951413e-04 
       4.243396549024e+00       3.303591506301e-04 
       4.342237952085e+00       3.111150733064e-04 
       4.443381667184e+00       2.929411386511e-04 
       4.546881322058e+00       2.757796536675e-04 
       4.652791793594e+00       2.595733000800e-04 
       4.761169236926e+00       2.442700824547e-04 
       4.872071115209e+00       2.298232630658e-04 
       4.985556230087e+00       2.161802442139e-04 
       5.101684752870e+00       2.033018391148e-04 
       5.220518256437e+00       1.911439250923e-04 
       5.342119747886e+00       1.796661498754e-04 
       5.466553701937e+00       1.688308899191e-04 
       5.593886095118e+00       1.586026691834e-04 
       5.724184440751e+00       1.489483897081e-04 
       5.857517824743e+00       1.398382651156e-04 
       5.993956942219e+00       1.312385106642e-04 
       6.133574135006e+00       1.231221760709e-04 
       6.276443429986e+00       1.154623925278e-04 
       6.422640578351e+00       1.082354448551e-04 
       6.572243095764e+00       1.014165103719e-04 
       6.725330303461e+00       9.498193118954e-05 
       6.881983370305e+00       8.891031972261e-05 
       7.042285355826e+00       8.318300141612e-05 
       7.206321254258e+00       7.778084665802e-05 
       7.374178039606e+00       7.268516448797e-05 
       7.545944711760e+00       6.787946321280e-05 
       7.721712343682e+00       6.334779911603e-05 
       7.901574129697e+00       5.907469733387e-05 
       8.085625434906e+00       5.504592220116e-05 
       8.273963845747e+00       5.124909420063e-05 
       8.466689221737e+00       4.767109970588e-05 
       8.663903748422e+00       4.429996846544e-05 
       8.865711991556e+00       4.112465753819e-05 
       9.072220952538e+00       3.813477507033e-05 
       9.283540125155e+00       3.531950701939e-05 
       9.499781553628e+00       3.267080030297e-05 
       9.721059892026e+00       3.017922021264e-05 
       9.947492465052e+00       2.783660101016e-05 
       1.017919933025e+01       2.563512182691e-05 
       1.041630334168e+01       2.356758350043e-05 
       1.065893021501e+01       2.162681569368e-05 
       1.090720859423e+01       1.980670752428e-05 
       1.116127011982e+01       1.810117315142e-05 
       1.142124949856e+01       1.650431822085e-05 
       1.168728457497e+01       1.501060761084e-05 
       1.195951640436e+01       1.361526804564e-05 
       1.223808932764e+01       1.231328479301e-05 
       1.252315104788e+01       1.110027355912e-05 
       1.281485270857e+01       9.971879070293e-06 
       1.311334897379e+01       8.924024244993e-06 
       1.341879811021e+01       7.953235902215e-06 
       1.373136207101e+01       7.055832706608e-06 
       1.405120658174e+01       6.227749265701e-06 
       1.437850122818e+01       5.466581175867e-06 
       1.471341954630e+01       4.768757333058e-06 
       1.505613911421e+01       4.131077522114e-06 
       1.540684164638e+01       3.551146054841e-06 
       1.576571308992e+01       3.025708555930e-06 
       1.613294372322e+01       2.552656538942e-06 
       1.650872825683e+01       2.128841351744e-06 
       1.689326593668e+01       1.751960188503e-06 
       1.728676064974e+01       1.419565322579e-06 
       1.768942103212e+01       1.128854729664e-06 
       1.810146057967e+01       8.780206389528e-07 
       1.852309776122e+01       6.640699338997e-07 
       1.895455613439e+01       4.848727659831e-07 
       1.939606446411e+01       3.378762609174e-07 
       1.984785684395e+01       2.207544009813e-07 
       2.031017282021e+01       1.313245912872e-07 
       2.078325751893e+01       6.695058129310e-08 
       2.126736177589e+01       2.531750276552e-08 
       2.176274226957e+01       4.044761668108e-09 
       2.226966165726e+01       7.662604523652e-10 
       2.278838871434e+01       1.311973148350e-08 
       2.331919847675e+01       3.877592086497e-08 
       2.386237238686e+01       7.545125898080e-08 
       2.441819844267e+01       1.207900980825e-07 
       2.498697135051e+01       1.727303937241e-07 
       2.556899268129e+01       2.290068536385e-07 
       2.616457103045e+01       2.877736624872e-07 
       2.677402218149e+01       3.475549814767e-07 
       2.739766927349e+01       4.047706989975e-07 
       2.803584297238e+01       4.597836781861e-07 
       2.868888164632e+01       5.099912139994e-07 
       2.935713154505e+01       5.538366308812e-07 
       3.004094698352e+01       5.925463732680e-07 
       3.074069052971e+01       6.221850660825e-07 
       3.145673319693e+01       6.428987423006e-07 
       3.218945464046e+01       6.568948374260e-07 
       3.293924335892e+01       6.606444770729e-07 
       3.370649690021e+01       6.541590502448e-07 
       3.449162207232e+01       6.410503609245e-07 
       3.529503515900e+01       6.203217707678e-07 
       3.611716214051e+01       5.906297712020e-07 
       3.695843891945e+01       5.537572021160e-07 
       3.781931155191e+01       5.137045247839e-07 
       3.870023648395e+01       4.674433098115e-07 
       3.960168079364e+01       4.184054823998e-07 
       4.052412243867e+01       3.685258809902e-07 
       4.146805050982e+01       3.172849492734e-07 
       4.243396549024e+01       2.670536898506e-07 
       4.342237952085e+01       2.203758113411e-07 
       4.443381667184e+01       1.753888753761e-07 
       4.546881322058e+01       1.362362781183e-07 
       4.652791793594e+01       9.957744313545e-08 
       4.761169236926e+01       6.920004590391e-08 
       4.872071115209e+01       4.450344296464e-08 
       4.985556230087e+01       2.565912764312e-08 
       5.101684752870e+01       1.225527930925e-08 
       5.220518256437e+01       4.015039989809e-09 
       5.342119747886e+01       2.690573400661e-10 
       5.466553701937e+01       6.416362271679e-10 
       5.593886095118e+01       3.874536395885e-09 
       5.724184440751e+01       9.414302057731e-09 
       5.857517824743e+01       1.620117666160e-08 
       5.993956942219e+01       2.337184478033e-08 
       6.133574135006e+01       3.035373762626e-08 
       6.276443429986e+01       3.639618230615e-08 
       6.422640578351e+01       4.099133016545e-08 
       6.572243095764e+01       4.364851821124e-08 
       6.725330303461e+01       4.481203571400e-08 
       6.881983370305e+01       4.340087332068e-08 
       7.042285355826e+01       4.111643479368e-08 
       7.206321254258e+01       3.682055496845e-08 
       7.374178039606e+01       3.165299339993e-08 
       7.545944711760e+01       2.609108063979e-08 
       7.721712343682e+01       2.010938687692e-08 
       7.901574129697e+01       1.462791786345e-08 
       8.085625434906e+01       9.993114657299e-09 
       8.273963845747e+01       5.874426415992e-09 
       8.466689221737e+01       2.992429109905e-09 
       8.663903748422e+01       1.111425055922e-09 
       8.865711991556e+01       1.818398967243e-10 
       9.072220952538e+01       2.190310196147e-11 
       9.283540125155e+01       4.537898955098e-10 
       9.499781553628e+01       1.179510707654e-09 
       9.721059892026e+01       2.294226499575e-09 
       9.947492465051e+01       2.703494186094e-09 
       1.017919933025e+02       3.486016335830e-09 
       1.041630334168e+02       3.789092974380e-09 
       1.065893021501e+02       3.711172494186e-09 
       1.090720859423e+02       3.132375359754e-09 
       1.116127011982e+02       2.818908255598e-09 
       1.142124949856e+02       2.039163005872e-09 
       1.168728457497e+02       1.399936777519e-09 
       1.195951640436e+02       7.581885793355e-10 
       1.223808932764e+02       3.631313930602e-10 
       1.252315104788e+02       1.483799417035e-10 
       1.281485270857e+02       1.424576783442e-12 
       1.311334897379e+02       1.057079599588e-11 
       1.341879811021e+02       8.360985564058e-11 
       1.373136207101e+02       1.887451231583e-10 
       1.405120658174e+02       2.993065576006e-10 
       1.437850122818e+02       2.732047146172e-10 
       1.471341954630e+02       3.207789294130e-10 
       1.505613911421e+02       2.538403258566e-10 
       1.540684164638e+02       2.320431464033e-10 
       1.576571308992e+02       1.348242307409e-10 
       1.613294372322e+02       4.302458207396e-11 
       1.650872825683e+02       1.670334912514e-11 
       1.689326593668e+02       4.827818763119e-12 
       1.728676064974e+02       2.366293692587e-12 
       1.768942103212e+02       3.142904794779e-11 
       1.810146057967e+02       3.668362546855e-11 
       1.852309776122e+02       3.013207525099e-11 
       1.895455613439e+02       3.939773565215e-11 
       1.939606446411e+02       4.980251425870e-12 
       1.984785684395e+02       3.466124682636e-11 
       2.031017282021e+02       2.161013020888e-11 
