# Matter power spectrum P(k) at redshift z=99
# for k=1.00899e-05 to 203.102 h/Mpc,
# number of wavenumbers equal to 845
#    1:k (h/Mpc)              2:P (Mpc/h)^3        
       1.008985923385e-05       8.602999896385e-03 
       2.251775554930e-05       1.859274192861e-02 
       3.498636120606e-05       2.838314402660e-02 
       4.752690065129e-05       3.808703551379e-02 
       6.017107953816e-05       4.776660452572e-02 
       7.295134796828e-05       5.746720920536e-02 
       8.590117159567e-05       6.722680167094e-02 
       9.905531396721e-05       7.707975517619e-02 
       1.124501335013e-04       8.705879133207e-02 
       1.261238985365e-04       9.719612385640e-02 
       1.401171238971e-04       1.075242304173e-01 
       1.544729323969e-04       1.180764313636e-01 
       1.692374446017e-04       1.288873786541e-01 
       1.844601999509e-04       1.399934822643e-01 
       2.001946119308e-04       1.514333189315e-01 
       2.164984593225e-04       1.632480291105e-01 
       2.334344144963e-04       1.754817149940e-01 
       2.510706081659e-04       1.881818465134e-01 
       2.694812277618e-04       2.013996660241e-01 
       2.887471434300e-04       2.151906097164e-01 
       3.089565513521e-04       2.296147159908e-01 
       3.302056183397e-04       2.447370206978e-01 
       3.525991041884e-04       2.606279310450e-01 
       3.762509288441e-04       2.773635317080e-01 
       4.012846398935e-04       2.950258174402e-01 
       4.278337223492e-04       3.137027944060e-01 
       4.560416776520e-04       3.334883997848e-01 
       4.860617833901e-04       3.544821925041e-01 
       5.180564314341e-04       3.767887253521e-01 
       5.521959331310e-04       4.005165427560e-01 
       5.886566802046e-04       4.257767306141e-01 
       6.276185644258e-04       4.526809367323e-01 
       6.692615935926e-04       4.813388642712e-01 
       7.137617004578e-04       5.118552273397e-01 
       7.612858262925e-04       5.443262387071e-01 
       8.119864673565e-04       5.788357812949e-01 
       8.659959883789e-04       6.154515056703e-01 
       9.234211117495e-04       6.542211055790e-01 
       9.843380585498e-04       6.951691493313e-01 
       1.048788822721e-03       7.382947493537e-01 
       1.116778987109e-03       7.835703940884e-01 
       1.188277341859e-03       8.309420438286e-01 
       1.263217364320e-03       8.803307481429e-01 
       1.341500404014e-03       9.316436145235e-01 
       1.423000230117e-03       9.847537758840e-01 
       1.507568477514e-03       1.039525743921e+00 
       1.595040487398e-03       1.095813341849e+00 
       1.685241075052e-03       1.153463899252e+00 
       1.777989849946e-03       1.212322035831e+00 
       1.873105833493e-03       1.272232938843e+00 
       1.970411241375e-03       1.333045058685e+00 
       2.069734401352e-03       1.394612074261e+00 
       2.170911854437e-03       1.456794419192e+00 
       2.273789735608e-03       1.519460263239e+00 
       2.378224553543e-03       1.582485923193e+00 
       2.484083493407e-03       1.645756227549e+00 
       2.591244358870e-03       1.709164200559e+00 
       2.699595254824e-03       1.772611336646e+00 
       2.809034094888e-03       1.836006678753e+00 
       2.919468000394e-03       1.899266881837e+00 
       3.030812641761e-03       1.962315389722e+00 
       3.142991559685e-03       2.025082542587e+00 
       3.255935492585e-03       2.087504194165e+00 
       3.369581728141e-03       2.149522213069e+00 
       3.483873490193e-03       2.211083431419e+00 
       3.598759367421e-03       2.272140095476e+00 
       3.714192786759e-03       2.332647835706e+00 
       3.830131532053e-03       2.392567429107e+00 
       3.946537306880e-03       2.451862532162e+00 
       4.063375339396e-03       2.510501516513e+00 
       4.180614026477e-03       2.568454535407e+00 
       4.298224614140e-03       2.625696441012e+00 
       4.416180911106e-03       2.682203774095e+00 
       4.534459032436e-03       2.737955586756e+00 
       4.653037170281e-03       2.792934297481e+00 
       4.771895388998e-03       2.847123535014e+00 
       4.891015442065e-03       2.900510475495e+00 
       5.010380608463e-03       2.953083007267e+00 
       5.129975546421e-03       3.004830471990e+00 
       5.249786162607e-03       3.055745932603e+00 
       5.369799495068e-03       3.105822017228e+00 
       5.490003608392e-03       3.155054917349e+00 
       5.610387499743e-03       3.203440316327e+00 
       5.730941014549e-03       3.250975487942e+00 
       5.851654770797e-03       3.297659729372e+00 
       5.972520090970e-03       3.343493727197e+00 
       6.093528940795e-03       3.388477732278e+00 
       6.214673874059e-03       3.432613924229e+00 
       6.335947982840e-03       3.475905655114e+00 
       6.457344852562e-03       3.518355345999e+00 
       6.578858521367e-03       3.559969171252e+00 
       6.700483443346e-03       3.600751694204e+00 
       6.822214455222e-03       3.640707378816e+00 
       6.944046746129e-03       3.679843627391e+00 
       7.065975830168e-03       3.718167477092e+00 
       7.187997521452e-03       3.755684041369e+00 
       7.310107911398e-03       3.792403792823e+00 
       7.432303348035e-03       3.828333867247e+00 
       7.554580417124e-03       3.863482133295e+00 
       7.676935924931e-03       3.897855213943e+00 
       7.799366882465e-03       3.931463742390e+00 
       7.921870491067e-03       3.964316496616e+00 
       8.044444129208e-03       3.996421990920e+00 
       8.167085340379e-03       4.027789637589e+00 
       8.289791821990e-03       4.058427504830e+00 
       8.412561415158e-03       4.088346429778e+00 
       8.535392095331e-03       4.117554775511e+00 
       8.658281963652e-03       4.146061543126e+00 
       8.781229239010e-03       4.173875218717e+00 
       8.904232250708e-03       4.201007639901e+00 
       9.027289431704e-03       4.227465447230e+00 
       9.150399312368e-03       4.253257858947e+00 
       9.273560514714e-03       4.278394659590e+00 
       9.396771747065e-03       4.302884216509e+00 
       9.520031799123e-03       4.326734806329e+00 
       9.643339537395e-03       4.349956326002e+00 
       9.766693900965e-03       4.372554890611e+00 
       9.890093897566e-03       4.394541329248e+00 
       1.001353859994e-02       4.415923703146e+00 
       1.013702714247e-02       4.436707758893e+00 
       1.026055871802e-02       4.456902889025e+00 
       1.038413257505e-02       4.476516393604e+00 
       1.050774801489e-02       4.495559112497e+00 
       1.063140438921e-02       4.514031707814e+00 
       1.075510109773e-02       4.531949454925e+00 
       1.087883758598e-02       4.549314439849e+00 
       1.100261334330e-02       4.566133419618e+00 
       1.112642790095e-02       4.582415096004e+00 
       1.125028083038e-02       4.598166763769e+00 
       1.137417174154e-02       4.613393888311e+00 
       1.149810028141e-02       4.628104825367e+00 
       1.162206613256e-02       4.642302717949e+00 
       1.174606901183e-02       4.655997081107e+00 
       1.187010866910e-02       4.669192930354e+00 
       1.199418488617e-02       4.681897000413e+00 
       1.211829747567e-02       4.694113750195e+00 
       1.224244628010e-02       4.705850261523e+00 
       1.236663117090e-02       4.717115248061e+00 
       1.249085204757e-02       4.727908405158e+00 
       1.261510883696e-02       4.738240460053e+00 
       1.273940149246e-02       4.748114696266e+00 
       1.286372999336e-02       4.757537511536e+00 
       1.298809434421e-02       4.766514408943e+00 
       1.311249457428e-02       4.775049820360e+00 
       1.323693073698e-02       4.783149862626e+00 
       1.336140290942e-02       4.790820742871e+00 
       1.348591119193e-02       4.798068212192e+00 
       1.361045570765e-02       4.804895828821e+00 
       1.373503660222e-02       4.811309243683e+00 
       1.385965404336e-02       4.817315476780e+00 
       1.398430822064e-02       4.822916469308e+00 
       1.410899934517e-02       4.828120383313e+00 
       1.423372764937e-02       4.832928910668e+00 
       1.435849338678e-02       4.837351792287e+00 
       1.448329683185e-02       4.841389564496e+00 
       1.460813827981e-02       4.845048766196e+00 
       1.473301804651e-02       4.848336930072e+00 
       1.485793646835e-02       4.851255753769e+00 
       1.498289390217e-02       4.853808630228e+00 
       1.510789072521e-02       4.856007033398e+00 
       1.523292733507e-02       4.857849458263e+00 
       1.535800414968e-02       4.859342600752e+00 
       1.548312160735e-02       4.860493986155e+00 
       1.560828016672e-02       4.861306697537e+00 
       1.573348030688e-02       4.861778292644e+00 
       1.585872252741e-02       4.861925425413e+00 
       1.598400734844e-02       4.861746624649e+00 
       1.610933531079e-02       4.861244703832e+00 
       1.623470697605e-02       4.860430085045e+00 
       1.636012292677e-02       4.859304461831e+00 
       1.648558376655e-02       4.857869160533e+00 
       1.661109012028e-02       4.856132884495e+00 
       1.673664263428e-02       4.854100392700e+00 
       1.686224197652e-02       4.851770711257e+00 
       1.698788883685e-02       4.849155190916e+00 
       1.711358392725e-02       4.846251315320e+00 
       1.723932798205e-02       4.843070267022e+00 
       1.736512175823e-02       4.839611269302e+00 
       1.749096603570e-02       4.835878788410e+00 
       1.761686161762e-02       4.831879809289e+00 
       1.774280933070e-02       4.827623632280e+00 
       1.786881002554e-02       4.823099355963e+00 
       1.799486457700e-02       4.818325555033e+00 
       1.812097388457e-02       4.813299419255e+00 
       1.824713887274e-02       4.808023000312e+00 
       1.837336049141e-02       4.802505803181e+00 
       1.849963971633e-02       4.796750667291e+00 
       1.862597754953e-02       4.790756953610e+00 
       1.875237501977e-02       4.784531942351e+00 
       1.887883318301e-02       4.778079448996e+00 
       1.900535312294e-02       4.771406969433e+00 
       1.913193595143e-02       4.764510676228e+00 
       1.925858280911e-02       4.757400496830e+00 
       1.938529486592e-02       4.750079675522e+00 
       1.951207332163e-02       4.742541012086e+00 
       1.963891940648e-02       4.734800309308e+00 
       1.976583438176e-02       4.726866239853e+00 
       1.989281954046e-02       4.718722729279e+00 
       2.001987620788e-02       4.710388854171e+00 
       2.014700574237e-02       4.701867503050e+00 
       2.027420953594e-02       4.693153850376e+00 
       2.040148901504e-02       4.684257465520e+00 
       2.052884564128e-02       4.675179537936e+00 
       2.065628091220e-02       4.665926120119e+00 
       2.078379636203e-02       4.656499932907e+00 
       2.091139356253e-02       4.646901691391e+00 
       2.103907412384e-02       4.637128666078e+00 
       2.116683969530e-02       4.627202552082e+00 
       2.129469196640e-02       4.617104638878e+00 
       2.142263266765e-02       4.606848592801e+00 
       2.155066357157e-02       4.596449384861e+00 
       2.167878649364e-02       4.585897623128e+00 
       2.180700329333e-02       4.575187797452e+00 
       2.193531587513e-02       4.564339369205e+00 
       2.206372618964e-02       4.553343962386e+00 
       2.219223623466e-02       4.542211709933e+00 
       2.232084805636e-02       4.530948199902e+00 
       2.244956375042e-02       4.519546522278e+00 
       2.257838546331e-02       4.508010758011e+00 
       2.270731539347e-02       4.496355505185e+00 
       2.283635579267e-02       4.484571414479e+00 
       2.296550896730e-02       4.472655905676e+00 
       2.309477727980e-02       4.460641611289e+00 
       2.322416315002e-02       4.448502111231e+00 
       2.335366905675e-02       4.436249324885e+00 
       2.348329753921e-02       4.423885595693e+00 
       2.361305119861e-02       4.411410372228e+00 
       2.374293269977e-02       4.398840997845e+00 
       2.387294477280e-02       4.386157320618e+00 
       2.400309021484e-02       4.373373769384e+00 
       2.413337189178e-02       4.360507731294e+00 
       2.426379274017e-02       4.347535153635e+00 
       2.439435576908e-02       4.334465248637e+00 
       2.452506406208e-02       4.321315571971e+00 
       2.465592077927e-02       4.308072728338e+00 
       2.478692915937e-02       4.294756857066e+00 
       2.491809252189e-02       4.281344569768e+00 
       2.504941426942e-02       4.267852229225e+00 
       2.518089788986e-02       4.254293479101e+00 
       2.531254695892e-02       4.240655803256e+00 
       2.544436514254e-02       4.226945743665e+00 
       2.557635619949e-02       4.213155705898e+00 
       2.570852398403e-02       4.199312846412e+00 
       2.584087244865e-02       4.185401246973e+00 
       2.597340564696e-02       4.171410248175e+00 
       2.610612773662e-02       4.157373322317e+00 
       2.623904298241e-02       4.143271953132e+00 
       2.637215575941e-02       4.129109493175e+00 
       2.650547055630e-02       4.114900001620e+00 
       2.663899197875e-02       4.100622592611e+00 
       2.677272475300e-02       4.086307856795e+00 
       2.690667372948e-02       4.071940002097e+00 
       2.704084388668e-02       4.057516913761e+00 
       2.717524033506e-02       4.043054848101e+00 
       2.730986832117e-02       4.028555378324e+00 
       2.744473323193e-02       4.014007860211e+00 
       2.757984059904e-02       3.999407485419e+00 
       2.771519610360e-02       3.984783737802e+00 
       2.785080558089e-02       3.970130125906e+00 
       2.798667502534e-02       3.955418167712e+00 
       2.812281059571e-02       3.940691233606e+00 
       2.825921862046e-02       3.925925619942e+00 
       2.839590560337e-02       3.911137853860e+00 
       2.853287822937e-02       3.896314867201e+00 
       2.867014337060e-02       3.881467546751e+00 
       2.880770809274e-02       3.866590128947e+00 
       2.894557966159e-02       3.851686809912e+00 
       2.908376554997e-02       3.836776250559e+00 
       2.922227344485e-02       3.821834766339e+00 
       2.936111125486e-02       3.806874845720e+00 
       2.950028711803e-02       3.791900277034e+00 
       2.963980940998e-02       3.776901557284e+00 
       2.977968675242e-02       3.761895510574e+00 
       2.991992802197e-02       3.746864345014e+00 
       3.006054235952e-02       3.731831611262e+00 
       3.020153917986e-02       3.716780766356e+00 
       3.034292818185e-02       3.701723633491e+00 
       3.048471935906e-02       3.686652044649e+00 
       3.062692301082e-02       3.671572095028e+00 
       3.076954975391e-02       3.656502212577e+00 
       3.091261053472e-02       3.641414660048e+00 
       3.105611664203e-02       3.626324752244e+00 
       3.120007972039e-02       3.611230507854e+00 
       3.134451178417e-02       3.596118452117e+00 
       3.148942523232e-02       3.581021961502e+00 
       3.163483286384e-02       3.565923707602e+00 
       3.178074789403e-02       3.550828863168e+00 
       3.192718397158e-02       3.535721484508e+00 
       3.207415519655e-02       3.520624839992e+00 
       3.222167613928e-02       3.505531926260e+00 
       3.236976186026e-02       3.490434563640e+00 
       3.251842793110e-02       3.475366974513e+00 
       3.266769045662e-02       3.460266042310e+00 
       3.281756609808e-02       3.445192751466e+00 
       3.296807209781e-02       3.430126950531e+00 
       3.311922630503e-02       3.415052059817e+00 
       3.327104720329e-02       3.400011032278e+00 
       3.342355393934e-02       3.384960721958e+00 
       3.357676635374e-02       3.369906300026e+00 
       3.373070501315e-02       3.354887833149e+00 
       3.388539124463e-02       3.339868299996e+00 
       3.404084717188e-02       3.324857928533e+00 
       3.419709575366e-02       3.309855950718e+00 
       3.435416082463e-02       3.294865215194e+00 
       3.451206713858e-02       3.279898026377e+00 
       3.467084041444e-02       3.264927059272e+00 
       3.483050738512e-02       3.249953173139e+00 
       3.499109584951e-02       3.235021596888e+00 
       3.515263472782e-02       3.220090537269e+00 
       3.531515412053e-02       3.205164858019e+00 
       3.547868537122e-02       3.190254879286e+00 
       3.564326113364e-02       3.175358714108e+00 
       3.580891544335e-02       3.160477200358e+00 
       3.597568379423e-02       3.145596065450e+00 
       3.614360322038e-02       3.130745231504e+00 
       3.631271238380e-02       3.115888734060e+00 
       3.648305166828e-02       3.101044720168e+00 
       3.665466328025e-02       3.086226611471e+00 
       3.682759135694e-02       3.071419245979e+00 
       3.700188208264e-02       3.056613016330e+00 
       3.717758381384e-02       3.041820877839e+00 
       3.735474721393e-02       3.027042454836e+00 
       3.753342539844e-02       3.012269303667e+00 
       3.771367409180e-02       2.997489057325e+00 
       3.789555179669e-02       2.982740695564e+00 
       3.807911997726e-02       2.967986298154e+00 
       3.826444325751e-02       2.953251662777e+00 
       3.845158963647e-02       2.938518211326e+00 
       3.864063072175e-02       2.923791909848e+00 
       3.883164198345e-02       2.909066441977e+00 
       3.902470303062e-02       2.894344992086e+00 
       3.921989791253e-02       2.879627285437e+00 
       3.941731544758e-02       2.864909059892e+00 
       3.961704958289e-02       2.850190732108e+00 
       3.981919978798e-02       2.835476329597e+00 
       4.002387148648e-02       2.820759166860e+00 
       4.023117653032e-02       2.806037964853e+00 
       4.044123372141e-02       2.791308431673e+00 
       4.065416938658e-02       2.776573250638e+00 
       4.087011801240e-02       2.761829837246e+00 
       4.108922294733e-02       2.747077364442e+00 
       4.131163717982e-02       2.732305859449e+00 
       4.153752420241e-02       2.717524670875e+00 
       4.176705897322e-02       2.702730984019e+00 
       4.200042898802e-02       2.687910706147e+00 
       4.223783547839e-02       2.673073276453e+00 
       4.247949475379e-02       2.658208380041e+00 
       4.272563970839e-02       2.643314333147e+00 
       4.297652151713e-02       2.628391211082e+00 
       4.323241154967e-02       2.613423281479e+00 
       4.349360353592e-02       2.598430187896e+00 
       4.376041602319e-02       2.583385752605e+00 
       4.403319517213e-02       2.568297793242e+00 
       4.431231794788e-02       2.553159098927e+00 
       4.459819577357e-02       2.537961204714e+00 
       4.489127872701e-02       2.522700269949e+00 
       4.519206037738e-02       2.507365574410e+00 
       4.550108337953e-02       2.491964615424e+00 
       4.581894596815e-02       2.476474395212e+00 
       4.614630952536e-02       2.460905057187e+00 
       4.648390743429e-02       2.445214151393e+00 
       4.683255547970e-02       2.429432640136e+00 
       4.719316411816e-02       2.413528105725e+00 
       4.756675301773e-02       2.397483808915e+00 
       4.795446836503e-02       2.381313486571e+00 
       4.835760356241e-02       2.364993839927e+00 
       4.877762409663e-02       2.348479496286e+00 
       4.921619756285e-02       2.331765564122e+00 
       4.967523008562e-02       2.314809430474e+00 
       5.015691070604e-02       2.297620695430e+00 
       5.066376571717e-02       2.280146702808e+00 
       5.119872544391e-02       2.262343874361e+00 
       5.176520658853e-02       2.244176646585e+00 
       5.236721399178e-02       2.225590203742e+00 
       5.300946644312e-02       2.206506234792e+00 
       5.369755187007e-02       2.186838275822e+00 
       5.443811751592e-02       2.166481877243e+00 
       5.523909986870e-02       2.145292523995e+00 
       5.610999570581e-02       2.123080942327e+00 
       5.706216694303e-02       2.099593353287e+00 
       5.810915312358e-02       2.074516549181e+00 
       5.926692834861e-02       2.047383629451e+00 
       6.055397337690e-02       2.017604164710e+00 
       6.199093019779e-02       1.984368640701e+00 
       6.359947941573e-02       1.946620387915e+00 
       6.540001143586e-02       1.903071624115e+00 
       6.740785584535e-02       1.852263615368e+00 
       6.962856954584e-02       1.792844051328e+00 
       7.205402576627e-02       1.723972131749e+00 
       7.466181558845e-02       1.645827059698e+00 
       7.741925945704e-02       1.559915635698e+00 
       8.029037151845e-02       1.468997765143e+00 
       8.324228136121e-02       1.376620248770e+00 
       8.624873568324e-02       1.286490108769e+00 
       8.929066763551e-02       1.201905149259e+00 
       9.235510012400e-02       1.125370453409e+00 
       9.543357075755e-02       1.058436690370e+00 
       9.852071039889e-02       1.001694948554e+00 
       1.016131705669e-01       9.548851662179e-01 
       1.047088850236e-01       9.170570650982e-01 
       1.078065869652e-01       8.867558840580e-01 
       1.109055026927e-01       8.622007246691e-01 
       1.140051606950e-01       8.414609792400e-01 
       1.171052739291e-01       8.226266905669e-01 
       1.202056676986e-01       8.039783444173e-01 
       1.233062356398e-01       7.841168322791e-01 
       1.264069129232e-01       7.620917092736e-01 
       1.295076599588e-01       7.374453048197e-01 
       1.326084524970e-01       7.102155914404e-01 
       1.357092756157e-01       6.808656353998e-01 
       1.388101200703e-01       6.501749613488e-01 
       1.419109800763e-01       6.190999847578e-01 
       1.450118519627e-01       5.886390945537e-01 
       1.481127333536e-01       5.597086558396e-01 
       1.512136226708e-01       5.330611649266e-01 
       1.543145188302e-01       5.092163050435e-01 
       1.574154210577e-01       4.884312276244e-01 
       1.605163287752e-01       4.707394046568e-01 
       1.636172415321e-01       4.559435489069e-01 
       1.667181589622e-01       4.436769097000e-01 
       1.698190807569e-01       4.334157309365e-01 
       1.729200066488e-01       4.246147828558e-01 
       1.760209364009e-01       4.166916538513e-01 
       1.791218697997e-01       4.091605858464e-01 
       1.822228066506e-01       4.014257914987e-01 
       1.853237467746e-01       3.930953721041e-01 
       1.884246900064e-01       3.839215632514e-01 
       1.915256361923e-01       3.738207279061e-01 
       1.946265851889e-01       3.628656547226e-01 
       1.977275368625e-01       3.512560601109e-01 
       2.008284910877e-01       3.392746753704e-01 
       2.039294477471e-01       3.272431467123e-01 
       2.070304067303e-01       3.154701964075e-01 
       2.101313679336e-01       3.042223686629e-01 
       2.132323312595e-01       2.937196466616e-01 
       2.163332966159e-01       2.841087858180e-01 
       2.194342639162e-01       2.754747378911e-01 
       2.225352330786e-01       2.678354045404e-01 
       2.256362040257e-01       2.611442797227e-01 
       2.287371766844e-01       2.552974649206e-01 
       2.318381509857e-01       2.501428977834e-01 
       2.349391268640e-01       2.454996652657e-01 
       2.380401042573e-01       2.411710235369e-01 
       2.411410831068e-01       2.369754479291e-01 
       2.442420633567e-01       2.327576242441e-01 
       2.473430449540e-01       2.284029099024e-01 
       2.504440278483e-01       2.238358676547e-01 
       2.535450119918e-01       2.190256749133e-01 
       2.566459973389e-01       2.139794041172e-01 
       2.597469838462e-01       2.087380474627e-01 
       2.628479714724e-01       2.033720452936e-01 
       2.659489601782e-01       1.979718964859e-01 
       2.690499499260e-01       1.926380843633e-01 
       2.721509406800e-01       1.874690984942e-01 
       2.752519324060e-01       1.825507701501e-01 
       2.783529250714e-01       1.779442668581e-01 
       2.814539186449e-01       1.736822537422e-01 
       2.845549130966e-01       1.697741554178e-01 
       2.876559083981e-01       1.662013804710e-01 
       2.907569045219e-01       1.629300905874e-01 
       2.938579014420e-01       1.599119016833e-01 
       2.969588991332e-01       1.570955376855e-01 
       3.000598975715e-01       1.544246776344e-01 
       3.031608967339e-01       1.518423054936e-01 
       3.062618965982e-01       1.492962574806e-01 
       3.093628971433e-01       1.467431296654e-01 
       3.124638983487e-01       1.441505380616e-01 
       3.155649001950e-01       1.415027918056e-01 
       3.186659026633e-01       1.387986692239e-01 
       3.217669057355e-01       1.360518588752e-01 
       3.248679093943e-01       1.332840149183e-01 
       3.279689136230e-01       1.305225614198e-01 
       3.310699184054e-01       1.277948794117e-01 
       3.341709237261e-01       1.251277152508e-01 
       3.372719295702e-01       1.225444791861e-01 
       3.403729359232e-01       1.200654355002e-01 
       3.434739427715e-01       1.177049887159e-01 
       3.465749501015e-01       1.154719643551e-01 
       3.496759579004e-01       1.133665171046e-01 
       3.527769661558e-01       1.113832518519e-01 
       3.558779748558e-01       1.095072259668e-01 
       3.589789839887e-01       1.077189595535e-01 
       3.620799935433e-01       1.059989986129e-01 
       3.651810035090e-01       1.043281572253e-01 
       3.682820138752e-01       1.026896505665e-01 
       3.713830246319e-01       1.010709253004e-01 
       3.744840357693e-01       9.946297324768e-02 
       3.775850472781e-01       9.785981458426e-02 
       3.806860591491e-01       9.625820495775e-02 
       3.837870713735e-01       9.465814486883e-02 
       3.868880839427e-01       9.306220587174e-02 
       3.899890968486e-01       9.147687061682e-02 
       3.930901100830e-01       8.991026699841e-02 
       3.961911236384e-01       8.837173081031e-02 
       3.992921375071e-01       8.686947809458e-02 
       4.023931516818e-01       8.540973800067e-02 
       4.054941661557e-01       8.399652101165e-02 
       4.085951809217e-01       8.263109818005e-02 
       4.116961959733e-01       8.131330234494e-02 
       4.147972113040e-01       8.004207486172e-02 
       4.178982269077e-01       7.881534893590e-02 
       4.209992427782e-01       7.763066324427e-02 
       4.241002589097e-01       7.648411910497e-02 
       4.272012752965e-01       7.537076071492e-02 
       4.303022919330e-01       7.428457417870e-02 
       4.334033088139e-01       7.321955815640e-02 
       4.365043259339e-01       7.217061565375e-02 
       4.396053432879e-01       7.113407018297e-02 
       4.427063608711e-01       7.010816417095e-02 
       4.458073786786e-01       6.909248330484e-02 
       4.489083967058e-01       6.808741134768e-02 
       4.520094149481e-01       6.709372641421e-02 
       4.551104334010e-01       6.611227172924e-02 
       4.582114520605e-01       6.514449532655e-02 
       4.613124709221e-01       6.419209735165e-02 
       4.644134899819e-01       6.325739351468e-02 
       4.675145092360e-01       6.234317506236e-02 
       4.706155286804e-01       6.145160322834e-02 
       4.737165483114e-01       6.058424149337e-02 
       4.768175681254e-01       5.974128435579e-02 
       4.799185881188e-01       5.892171446654e-02 
       4.830196082881e-01       5.812359852929e-02 
       4.861206286300e-01       5.734496681731e-02 
       4.892216491411e-01       5.658390098174e-02 
       4.923226698183e-01       5.583887033617e-02 
       4.954236906585e-01       5.510807092871e-02 
       4.985247116585e-01       5.439044188010e-02 
       5.016257328155e-01       5.368446624038e-02 
       5.047267541264e-01       5.298839134380e-02 
       5.078277755885e-01       5.230117664391e-02 
       5.109287971991e-01       5.162205989502e-02 
       5.140298189553e-01       5.095139911781e-02 
       5.171308408547e-01       5.028984955321e-02 
       5.202318628946e-01       4.963869099767e-02 
       5.233328850725e-01       4.899863457966e-02 
       5.264339073859e-01       4.837019843258e-02 
       5.295349298326e-01       4.775345146511e-02 
       5.326359524101e-01       4.714837759582e-02 
       5.357369751162e-01       4.655479792080e-02 
       5.388379979486e-01       4.597255110996e-02 
       5.419390209052e-01       4.540202439641e-02 
       5.450400439839e-01       4.484334515095e-02 
       5.481410671825e-01       4.429632954806e-02 
       5.512420904991e-01       4.376025605410e-02 
       5.543431139316e-01       4.323409125502e-02 
       5.574441374781e-01       4.271707847549e-02 
       5.605451611368e-01       4.220827721264e-02 
       5.636461849057e-01       4.170738468549e-02 
       5.667472087831e-01       4.121409744450e-02 
       5.698482327671e-01       4.072857189995e-02 
       5.729492568561e-01       4.025056847491e-02 
       5.760502810483e-01       3.977984186298e-02 
       5.791513053420e-01       3.931585217316e-02 
       5.822523297358e-01       3.885842917874e-02 
       5.853533542278e-01       3.840724180033e-02 
       5.884543788167e-01       3.796257420015e-02 
       5.915554035008e-01       3.752482865062e-02 
       5.946564282787e-01       3.709438009011e-02 
       5.977574531490e-01       3.667147360614e-02 
       6.008584781101e-01       3.625591688408e-02 
       6.039595031606e-01       3.584752651900e-02 
       6.070605282993e-01       3.544569907762e-02 
       6.101615535247e-01       3.505051398474e-02 
       6.132625788356e-01       3.466156792957e-02 
       6.163636042306e-01       3.427902904329e-02 
       6.194646297084e-01       3.390290325480e-02 
       6.225656552679e-01       3.353298109247e-02 
       6.256666809078e-01       3.316895644851e-02 
       6.287677066270e-01       3.281031622394e-02 
       6.318687324242e-01       3.245666795032e-02 
       6.349697582983e-01       3.210773622816e-02 
       6.380707842481e-01       3.176356827803e-02 
       6.411718102727e-01       3.142429779346e-02 
       6.442728363709e-01       3.109004222705e-02 
       6.473738625416e-01       3.076086309844e-02 
       6.504748887838e-01       3.043652005010e-02 
       6.535759150964e-01       3.011684709378e-02 
       6.566769414786e-01       2.980158094812e-02 
       6.597779679293e-01       2.949055474296e-02 
       6.628789944474e-01       2.918402883856e-02 
       6.659800210322e-01       2.888210304687e-02 
       6.690810476827e-01       2.858482006202e-02 
       6.721820743978e-01       2.829224078800e-02 
       6.752831011769e-01       2.800408834988e-02 
       6.783841280189e-01       2.772006439059e-02 
       6.814851549230e-01       2.744007296454e-02 
       6.845861818884e-01       2.716377046688e-02 
       6.876872089143e-01       2.689133342610e-02 
       6.907882359997e-01       2.662271660993e-02 
       6.938892631440e-01       2.635801294989e-02 
       6.969902903463e-01       2.609716635130e-02 
       7.000913176059e-01       2.583994644299e-02 
       7.031923449220e-01       2.558608070396e-02 
       7.062933722939e-01       2.533548277875e-02 
       7.093943997207e-01       2.508803244126e-02 
       7.124954272019e-01       2.484370684206e-02 
       7.155964547367e-01       2.460272993385e-02 
       7.186974823243e-01       2.436523069809e-02 
       7.217985099642e-01       2.413101570468e-02 
       7.248995376556e-01       2.390011491948e-02 
       7.280005653980e-01       2.367222024066e-02 
       7.464455758911e-01       2.237653708404e-02 
       7.651667369904e-01       2.116124574459e-02 
       7.841776807609e-01       2.001933633263e-02 
       8.034934157474e-01       1.894484767116e-02 
       8.231301148749e-01       1.793340116020e-02 
       8.431049009566e-01       1.697990716715e-02 
       8.634356369493e-01       1.608052854935e-02 
       8.841407269858e-01       1.523163937197e-02 
       9.052389330669e-01       1.442964741954e-02 
       9.267492111720e-01       1.367114389768e-02 
       9.486905694695e-01       1.295355102225e-02 
       9.710819503027e-01       1.227410997172e-02 
       9.939421366890e-01       1.163053969372e-02 
       1.017289683224e+00       1.102069191562e-02 
       1.041142870509e+00       1.044261414239e-02 
       1.065519681575e+00       9.894498819749e-03 
       1.090437798200e+00       9.374717755656e-03 
       1.115914614608e+00       8.881764196248e-03 
       1.141967265759e+00       8.414168387011e-03 
       1.168612667242e+00       7.970558714212e-03 
       1.195867563839e+00       7.549782711281e-03 
       1.223748583886e+00       7.150539976574e-03 
       1.252272296823e+00       6.771745441984e-03 
       1.281455271632e+00       6.412400091564e-03 
       1.311314134255e+00       6.071604571068e-03 
       1.341865622465e+00       5.748392546264e-03 
       1.373126637132e+00       5.441792250353e-03 
       1.405114289159e+00       5.151084201548e-03 
       1.437845941780e+00       4.875459978651e-03 
       1.471339248146e+00       4.614077794037e-03 
       1.505612184415e+00       4.366256742067e-03 
       1.540683078698e+00       4.131440305161e-03 
       1.576570636332e+00       3.908734974710e-03 
       1.613293962009e+00       3.697791718058e-03 
       1.650872579296e+00       3.497826971352e-03 
       1.689326448072e+00       3.308395732205e-03 
       1.728675980336e+00       3.128905856272e-03 
       1.768942054827e+00       2.958848725431e-03 
       1.810146030777e+00       2.797806517326e-03 
       1.852309761107e+00       2.645246112027e-03 
       1.895455605294e+00       2.500759701535e-03 
       1.939606442072e+00       2.363953121618e-03 
       1.984785682127e+00       2.234411155506e-03 
       2.031017280857e+00       2.111759335564e-03 
       2.078325751307e+00       1.995646400872e-03 
       2.126736177300e+00       1.885730086527e-03 
       2.176274226817e+00       1.781694002936e-03 
       2.226966165660e+00       1.683219618477e-03 
       2.278838871403e+00       1.590035507991e-03 
       2.331919847661e+00       1.501850943397e-03 
       2.386237238680e+00       1.418416111305e-03 
       2.441819844264e+00       1.339473974278e-03 
       2.498697135050e+00       1.264795048120e-03 
       2.556899268129e+00       1.194131455357e-03 
       2.616457103044e+00       1.127302015299e-03 
       2.677402218149e+00       1.064093100526e-03 
       2.739766927348e+00       1.004311630119e-03 
       2.803584297238e+00       9.477672998468e-04 
       2.868888164632e+00       8.943037007353e-04 
       2.935713154505e+00       8.437424998011e-04 
       3.004094698352e+00       7.959418468393e-04 
       3.074069052971e+00       7.507436645355e-04 
       3.145673319693e+00       7.080144758999e-04 
       3.218945464046e+00       6.676197957544e-04 
       3.293924335892e+00       6.294330254009e-04 
       3.370649690021e+00       5.933367980579e-04 
       3.449162207232e+00       5.592202192797e-04 
       3.529503515900e+00       5.269680665600e-04 
       3.611716214051e+00       4.964885881480e-04 
       3.695843891945e+00       4.676864965093e-04 
       3.781931155191e+00       4.404633718689e-04 
       3.870023648395e+00       4.147372656898e-04 
       3.960168079364e+00       3.904292796134e-04 
       4.052412243867e+00       3.674550564165e-04 
       4.146805050982e+00       3.457501326837e-04 
       4.243396549024e+00       3.252390332688e-04 
       4.342237952085e+00       3.058624583708e-04 
       4.443381667184e+00       2.875502124686e-04 
       4.546881322058e+00       2.702485816127e-04 
       4.652791793594e+00       2.539048805955e-04 
       4.761169236926e+00       2.384616274576e-04 
       4.872071115209e+00       2.238739940633e-04 
       4.985556230087e+00       2.100904267536e-04 
       5.101684752870e+00       1.970691108806e-04 
       5.220518256437e+00       1.847698149763e-04 
       5.342119747886e+00       1.731499009793e-04 
       5.466553701937e+00       1.621736232958e-04 
       5.593886095118e+00       1.518051764590e-04 
       5.724184440751e+00       1.420128328135e-04 
       5.857517824743e+00       1.327635513298e-04 
       5.993956942219e+00       1.240279948534e-04 
       6.133574135006e+00       1.157804162882e-04 
       6.276443429986e+00       1.079907434794e-04 
       6.422640578351e+00       1.006358312706e-04 
       6.572243095764e+00       9.369357251780e-05 
       6.725330303461e+00       8.713875761118e-05 
       6.881983370305e+00       8.095637038929e-05 
       7.042285355826e+00       7.511937644059e-05 
       7.206321254258e+00       6.961512853757e-05 
       7.374178039606e+00       6.442434349674e-05 
       7.545944711760e+00       5.953176683452e-05 
       7.721712343682e+00       5.491998164004e-05 
       7.901574129697e+00       5.057715148182e-05 
       8.085625434906e+00       4.648949922849e-05 
       8.273963845747e+00       4.264344170364e-05 
       8.466689221737e+00       3.902811846454e-05 
       8.663903748422e+00       3.563156901216e-05 
       8.865711991556e+00       3.244446558615e-05 
       9.072220952538e+00       2.945679401288e-05 
       9.283540125155e+00       2.665963580784e-05 
       9.499781553628e+00       2.404423004357e-05 
       9.721059892026e+00       2.160208697441e-05 
       9.947492465052e+00       1.932702742389e-05 
       1.017919933025e+01       1.721120779064e-05 
       1.041630334168e+01       1.524780346754e-05 
       1.065893021501e+01       1.343219946733e-05 
       1.090720859423e+01       1.175837185955e-05 
       1.116127011982e+01       1.021770383640e-05 
       1.142124949856e+01       8.808518413600e-06 
       1.168728457497e+01       7.524290271845e-06 
       1.195951640436e+01       6.359910679652e-06 
       1.223808932764e+01       5.309379910415e-06 
       1.252315104788e+01       4.370288116081e-06 
       1.281485270857e+01       3.537209982303e-06 
       1.311334897379e+01       2.805597574774e-06 
       1.341879811021e+01       2.171365453239e-06 
       1.373136207101e+01       1.628235737107e-06 
       1.405120658174e+01       1.173151700399e-06 
       1.437850122818e+01       8.004146236886e-07 
       1.471341954630e+01       5.053157681303e-07 
       1.505613911421e+01       2.833532170382e-07 
       1.540684164638e+01       1.289690456207e-07 
       1.576571308992e+01       3.649943977526e-08 
       1.613294372322e+01       8.322399631434e-10 
       1.650872825683e+01       1.608387954969e-08 
       1.689326593668e+01       7.582566139053e-08 
       1.728676064974e+01       1.747839725295e-07 
       1.768942103212e+01       3.078710556634e-07 
       1.810146057967e+01       4.652290107110e-07 
       1.852309776122e+01       6.428226783635e-07 
       1.895455613439e+01       8.364579573220e-07 
       1.939606446411e+01       1.036942471339e-06 
       1.984785684395e+01       1.235074205540e-06 
       2.031017282021e+01       1.434261577532e-06 
       2.078325751893e+01       1.617605786094e-06 
       2.126736177589e+01       1.786118272978e-06 
       2.176274226957e+01       1.939468079417e-06 
       2.226966165726e+01       2.069256056920e-06 
       2.278838871434e+01       2.174626952735e-06 
       2.331919847675e+01       2.240660232806e-06 
       2.386237238686e+01       2.279809936711e-06 
       2.441819844267e+01       2.286410569755e-06 
       2.498697135051e+01       2.260573944731e-06 
       2.556899268129e+01       2.200942374204e-06 
       2.616457103045e+01       2.111745328027e-06 
       2.677402218149e+01       1.996011851708e-06 
       2.739766927349e+01       1.856641734405e-06 
       2.803584297238e+01       1.694843631834e-06 
       2.868888164632e+01       1.519714662582e-06 
       2.935713154505e+01       1.335900171828e-06 
       3.004094698352e+01       1.146241300560e-06 
       3.074069052971e+01       9.574181389379e-07 
       3.145673319693e+01       7.764008054205e-07 
       3.218945464046e+01       6.056601366087e-07 
       3.293924335892e+01       4.512028220045e-07 
       3.370649690021e+01       3.172444397588e-07 
       3.449162207232e+01       2.052807083938e-07 
       3.529503515900e+01       1.180522016387e-07 
       3.611716214051e+01       5.517778305436e-08 
       3.695843891945e+01       1.657418352825e-08 
       3.781931155191e+01       8.379322855209e-10 
       3.870023648395e+01       4.646756367779e-09 
       3.960168079364e+01       2.443158249954e-08 
       4.052412243867e+01       5.679878402835e-08 
       4.146805050982e+01       9.608498841411e-08 
       4.243396549024e+01       1.384864172237e-07 
       4.342237952085e+01       1.794236952399e-07 
       4.443381667184e+01       2.142513733661e-07 
       4.546881322058e+01       2.405706465564e-07 
       4.652791793594e+01       2.556383746199e-07 
       4.761169236926e+01       2.591378125221e-07 
       4.872071115209e+01       2.519470136030e-07 
       4.985556230087e+01       2.331185899931e-07 
       5.101684752870e+01       2.045482667863e-07 
       5.220518256437e+01       1.744674843583e-07 
       5.342119747886e+01       1.366439874506e-07 
       5.466553701937e+01       1.019371110937e-07 
       5.593886095118e+01       6.765057813026e-08 
       5.724184440751e+01       3.982097348052e-08 
       5.857517824743e+01       1.920985792206e-08 
       5.993956942219e+01       6.562575053649e-09 
       6.133574135006e+01       4.933817621182e-10 
       6.276443429986e+01       9.962157849565e-10 
       6.422640578351e+01       6.069406115003e-09 
       6.572243095764e+01       1.357459492857e-08 
       6.725330303461e+01       2.185757734118e-08 
       6.881983370305e+01       2.854758325072e-08 
       7.042285355826e+01       3.313286239566e-08 
       7.206321254258e+01       3.453461237729e-08 
       7.374178039606e+01       3.409102803140e-08 
       7.545944711760e+01       2.888678134345e-08 
       7.721712343682e+01       2.267588465094e-08 
       7.901574129697e+01       1.562944305338e-08 
       8.085625434906e+01       9.307083630684e-09 
       8.273963845747e+01       4.609275157703e-09 
       8.466689221737e+01       1.297452071072e-09 
       8.663903748422e+01       8.614282261379e-11 
       8.865711991556e+01       3.774175452553e-10 
       9.072220952538e+01       1.984824696754e-09 
       9.283540125155e+01       2.977674469608e-09 
       9.499781553628e+01       3.798098120205e-09 
       9.721059892026e+01       4.628357999486e-09 
       9.947492465051e+01       3.878707178412e-09 
       1.017919933025e+02       3.913197854472e-09 
       1.041630334168e+02       2.825363241322e-09 
       1.065893021501e+02       1.594060835812e-09 
       1.090720859423e+02       5.593999998736e-10 
       1.116127011982e+02       1.700889342894e-10 
       1.142124949856e+02       1.175136086872e-12 
       1.168728457497e+02       8.890404682776e-12 
       1.195951640436e+02       4.983651704362e-10 
       1.223808932764e+02       6.276598667644e-10 
       1.252315104788e+02       5.832208973722e-10 
       1.281485270857e+02       5.525631222731e-10 
       1.311334897379e+02       4.281847649867e-10 
       1.341879811021e+02       1.933760593738e-10 
       1.373136207101e+02       3.506972690984e-11 
       1.405120658174e+02       7.415969435461e-12 
       1.437850122818e+02       1.997296685092e-12 
       1.471341954630e+02       6.830733093195e-11 
       1.505613911421e+02       2.858576482024e-11 
       1.540684164638e+02       2.021988176801e-10 
       1.576571308992e+02       4.449621890586e-11 
       1.613294372322e+02       1.172356125278e-10 
       1.650872825683e+02       3.245959479627e-11 
       1.689326593668e+02       1.946389983557e-13 
       1.728676064974e+02       1.791446732272e-11 
       1.768942103212e+02       2.497805439119e-13 
       1.810146057967e+02       2.875085350336e-10 
       1.852309776122e+02       1.423382244783e-10 
       1.895455613439e+02       7.530533811962e-12 
       1.939606446411e+02       6.667020745669e-12 
       1.984785684395e+02       5.139524411600e-12 
       2.031017282021e+02       3.435887136193e-11 
