#       k/h             CDM           baryon          photon            nu            mass_nu          total           no_nu         total_de          Weyl            v_CDM            v_b           v_b-v_c    
   1.008989e-05    2.425314e+05    2.425314e+05    0.000000e+00    0.000000e+00    0.000000e+00    2.448231e+05    0.000000e+00    0.000000e+00    0.000000e+00    2.417147e+05    2.417236e+05    0.000000e+00
   1.270241e-05    2.425313e+05    2.425313e+05    0.000000e+00    0.000000e+00    0.000000e+00    2.448230e+05    0.000000e+00    0.000000e+00    0.000000e+00    2.417083e+05    2.417170e+05    0.000000e+00
   1.599139e-05    2.425313e+05    2.425313e+05    0.000000e+00    0.000000e+00    0.000000e+00    2.448229e+05    0.000000e+00    0.000000e+00    0.000000e+00    2.417081e+05    2.417168e+05    0.000000e+00
   2.013197e-05    2.425312e+05    2.425311e+05    0.000000e+00    0.000000e+00    0.000000e+00    2.448227e+05    0.000000e+00    0.000000e+00    0.000000e+00    2.417135e+05    2.417223e+05    0.000000e+00
   2.534465e-05    2.425310e+05    2.425310e+05    0.000000e+00    0.000000e+00    0.000000e+00    2.448225e+05    0.000000e+00    0.000000e+00    0.000000e+00    2.417115e+05    2.417203e+05    0.000000e+00
   3.190702e-05    2.425308e+05    2.425307e+05    0.000000e+00    0.000000e+00    0.000000e+00    2.448221e+05    0.000000e+00    0.000000e+00    0.000000e+00    2.417382e+05    2.417478e+05    0.000000e+00
   4.016856e-05    2.425304e+05    2.425303e+05    0.000000e+00    0.000000e+00    0.000000e+00    2.448215e+05    0.000000e+00    0.000000e+00    0.000000e+00    2.417118e+05    2.417207e+05    0.000000e+00
   5.056922e-05    2.425298e+05    2.425296e+05    0.000000e+00    0.000000e+00    0.000000e+00    2.448205e+05    0.000000e+00    0.000000e+00    0.000000e+00    2.417071e+05    2.417158e+05    0.000000e+00
   6.366287e-05    2.425289e+05    2.425285e+05    0.000000e+00    0.000000e+00    0.000000e+00    2.448189e+05    0.000000e+00    0.000000e+00    0.000000e+00    2.417075e+05    2.417162e+05    0.000000e+00
   8.014681e-05    2.425274e+05    2.425268e+05    0.000000e+00    0.000000e+00    0.000000e+00    2.448163e+05    0.000000e+00    0.000000e+00    0.000000e+00    2.416843e+05    2.416923e+05    0.000000e+00
   1.008989e-04    2.425250e+05    2.425242e+05    0.000000e+00    0.000000e+00    0.000000e+00    2.448124e+05    0.000000e+00    0.000000e+00    0.000000e+00    2.412615e+05    2.412578e+05    0.000000e+00
   1.270241e-04    2.425213e+05    2.425199e+05    0.000000e+00    0.000000e+00    0.000000e+00    2.448060e+05    0.000000e+00    0.000000e+00    0.000000e+00    2.413699e+05    2.413692e+05    0.000000e+00
   1.599139e-04    2.425153e+05    2.425132e+05    0.000000e+00    0.000000e+00    0.000000e+00    2.447960e+05    0.000000e+00    0.000000e+00    0.000000e+00    2.413496e+05    2.413483e+05    0.000000e+00
   2.013197e-04    2.425059e+05    2.425025e+05    0.000000e+00    0.000000e+00    0.000000e+00    2.447801e+05    0.000000e+00    0.000000e+00    0.000000e+00    2.412081e+05    2.412028e+05    0.000000e+00
   2.534465e-04    2.424909e+05    2.424856e+05    0.000000e+00    0.000000e+00    0.000000e+00    2.447549e+05    0.000000e+00    0.000000e+00    0.000000e+00    2.413317e+05    2.413298e+05    0.000000e+00
   3.190702e-04    2.424672e+05    2.424587e+05    0.000000e+00    0.000000e+00    0.000000e+00    2.447151e+05    0.000000e+00    0.000000e+00    0.000000e+00    2.411583e+05    2.411515e+05    0.000000e+00
   4.016856e-04    2.424297e+05    2.424163e+05    0.000000e+00    0.000000e+00    0.000000e+00    2.446520e+05    0.000000e+00    0.000000e+00    0.000000e+00    2.412890e+05    2.412856e+05    0.000000e+00
   5.056922e-04    2.423703e+05    2.423490e+05    0.000000e+00    0.000000e+00    0.000000e+00    2.445522e+05    0.000000e+00    0.000000e+00    0.000000e+00    2.412432e+05    2.412383e+05    0.000000e+00
   6.366287e-04    2.422762e+05    2.422425e+05    0.000000e+00    0.000000e+00    0.000000e+00    2.443944e+05    0.000000e+00    0.000000e+00    0.000000e+00    2.411103e+05    2.411011e+05    0.000000e+00
   8.014681e-04    2.421275e+05    2.420741e+05    0.000000e+00    0.000000e+00    0.000000e+00    2.441455e+05    0.000000e+00    0.000000e+00    0.000000e+00    2.409395e+05    2.409249e+05    0.000000e+00
   1.008989e-03    2.418926e+05    2.418079e+05    0.000000e+00    0.000000e+00    0.000000e+00    2.437539e+05    0.000000e+00    0.000000e+00    0.000000e+00    2.406886e+05    2.406659e+05    0.000000e+00
   1.270241e-03    2.415223e+05    2.413882e+05    0.000000e+00    0.000000e+00    0.000000e+00    2.431401e+05    0.000000e+00    0.000000e+00    0.000000e+00    2.403332e+05    2.402986e+05    0.000000e+00
   1.599139e-03    2.409404e+05    2.407281e+05    0.000000e+00    0.000000e+00    0.000000e+00    2.421845e+05    0.000000e+00    0.000000e+00    0.000000e+00    2.396670e+05    2.396110e+05    0.000000e+00
   2.013197e-03    2.400304e+05    2.396946e+05    0.000000e+00    0.000000e+00    0.000000e+00    2.407119e+05    0.000000e+00    0.000000e+00    0.000000e+00    2.388056e+05    2.387209e+05    0.000000e+00
   2.534465e-03    2.386183e+05    2.380876e+05    0.000000e+00    0.000000e+00    0.000000e+00    2.384780e+05    0.000000e+00    0.000000e+00    0.000000e+00    2.373389e+05    2.372059e+05    0.000000e+00
   3.190702e-03    2.364527e+05    2.356155e+05    0.000000e+00    0.000000e+00    0.000000e+00    2.351707e+05    0.000000e+00    0.000000e+00    0.000000e+00    2.351819e+05    2.349767e+05    0.000000e+00
   4.016856e-03    2.331912e+05    2.318737e+05    0.000000e+00    0.000000e+00    0.000000e+00    2.304471e+05    0.000000e+00    0.000000e+00    0.000000e+00    2.318400e+05    2.315221e+05    0.000000e+00
   5.056922e-03    2.284085e+05    2.263435e+05    0.000000e+00    0.000000e+00    0.000000e+00    2.240343e+05    0.000000e+00    0.000000e+00    0.000000e+00    2.268733e+05    2.263845e+05    0.000000e+00
   6.366287e-03    2.216556e+05    2.184379e+05    0.000000e+00    0.000000e+00    0.000000e+00    2.158598e+05    0.000000e+00    0.000000e+00    0.000000e+00    2.197571e+05    2.190133e+05    0.000000e+00
   8.014681e-03    2.125796e+05    2.076105e+05    0.000000e+00    0.000000e+00    0.000000e+00    2.060161e+05    0.000000e+00    0.000000e+00    0.000000e+00    2.100724e+05    2.089559e+05    0.000000e+00
   1.008989e-02    2.010336e+05    1.934599e+05    0.000000e+00    0.000000e+00    0.000000e+00    1.943107e+05    0.000000e+00    0.000000e+00    0.000000e+00    1.977119e+05    1.960597e+05    0.000000e+00
   1.270241e-02    1.870191e+05    1.756969e+05    0.000000e+00    0.000000e+00    0.000000e+00    1.800180e+05    0.000000e+00    0.000000e+00    0.000000e+00    1.829085e+05    1.805134e+05    0.000000e+00
   1.599139e-02    1.705033e+05    1.540623e+05    0.000000e+00    0.000000e+00    0.000000e+00    1.629903e+05    0.000000e+00    0.000000e+00    0.000000e+00    1.656838e+05    1.623083e+05    0.000000e+00
   2.013197e-02    1.515147e+05    1.286856e+05    0.000000e+00    0.000000e+00    0.000000e+00    1.435256e+05    0.000000e+00    0.000000e+00    0.000000e+00    1.459349e+05    1.413925e+05    0.000000e+00
   2.534452e-02    1.304343e+05    1.008897e+05    0.000000e+00    0.000000e+00    0.000000e+00    1.219468e+05    0.000000e+00    0.000000e+00    0.000000e+00    1.241762e+05    1.185094e+05    0.000000e+00
   3.188981e-02    1.084052e+05    7.424626e+04    0.000000e+00    0.000000e+00    0.000000e+00    9.981192e+04    0.000000e+00    0.000000e+00    0.000000e+00    1.017551e+05    9.553847e+04    0.000000e+00
   3.959940e-02    8.862029e+04    5.538373e+04    0.000000e+00    0.000000e+00    0.000000e+00    8.073627e+04    0.000000e+00    0.000000e+00    0.000000e+00    8.246004e+04    7.687297e+04    0.000000e+00
   4.609224e-02    7.651387e+04    4.822423e+04    0.000000e+00    0.000000e+00    0.000000e+00    6.977252e+04    0.000000e+00    0.000000e+00    0.000000e+00    7.110905e+04    6.680094e+04    0.000000e+00
   5.080230e-02    6.979151e+04    4.622149e+04    0.000000e+00    0.000000e+00    0.000000e+00    6.399681e+04    0.000000e+00    0.000000e+00    0.000000e+00    6.515536e+04    6.190186e+04    0.000000e+00
   5.468755e-02    6.521989e+04    4.555608e+04    0.000000e+00    0.000000e+00    0.000000e+00    6.018117e+04    0.000000e+00    0.000000e+00    0.000000e+00    6.109091e+04    5.864943e+04    0.000000e+00
   5.815705e-02    6.168399e+04    4.515156e+04    0.000000e+00    0.000000e+00    0.000000e+00    5.724763e+04    0.000000e+00    0.000000e+00    0.000000e+00    5.816710e+04    5.631549e+04    0.000000e+00
   6.139322e-02    5.872048e+04    4.460618e+04    0.000000e+00    0.000000e+00    0.000000e+00    5.475609e+04    0.000000e+00    0.000000e+00    0.000000e+00    5.550026e+04    5.407253e+04    0.000000e+00
   6.449266e-02    5.609519e+04    4.374345e+04    0.000000e+00    0.000000e+00    0.000000e+00    5.248837e+04    0.000000e+00    0.000000e+00    0.000000e+00    5.318464e+04    5.202000e+04    0.000000e+00
   6.751328e-02    5.367568e+04    4.249158e+04    0.000000e+00    0.000000e+00    0.000000e+00    5.032555e+04    0.000000e+00    0.000000e+00    0.000000e+00    5.101216e+04    4.997988e+04    0.000000e+00
   7.049314e-02    5.138333e+04    4.084166e+04    0.000000e+00    0.000000e+00    0.000000e+00    4.820241e+04    0.000000e+00    0.000000e+00    0.000000e+00    4.889181e+04    4.787239e+04    0.000000e+00
   7.345906e-02    4.917218e+04    3.882941e+04    0.000000e+00    0.000000e+00    0.000000e+00    4.608735e+04    0.000000e+00    0.000000e+00    0.000000e+00    4.673437e+04    4.564509e+04    0.000000e+00
   7.643105e-02    4.701823e+04    3.652494e+04    0.000000e+00    0.000000e+00    0.000000e+00    4.397210e+04    0.000000e+00    0.000000e+00    0.000000e+00    4.466363e+04    4.343298e+04    0.000000e+00
   7.942478e-02    4.491328e+04    3.402487e+04    0.000000e+00    0.000000e+00    0.000000e+00    4.186541e+04    0.000000e+00    0.000000e+00    0.000000e+00    4.255072e+04    4.114342e+04    0.000000e+00
   8.245302e-02    4.286072e+04    3.144424e+04    0.000000e+00    0.000000e+00    0.000000e+00    3.978838e+04    0.000000e+00    0.000000e+00    0.000000e+00    4.046327e+04    3.886733e+04    0.000000e+00
   8.552654e-02    4.087222e+04    2.890758e+04    0.000000e+00    0.000000e+00    0.000000e+00    3.777034e+04    0.000000e+00    0.000000e+00    0.000000e+00    3.846128e+04    3.668951e+04    0.000000e+00
   8.865474e-02    3.896454e+04    2.653866e+04    0.000000e+00    0.000000e+00    0.000000e+00    3.584466e+04    0.000000e+00    0.000000e+00    0.000000e+00    3.653360e+04    3.462338e+04    0.000000e+00
   9.184601e-02    3.715644e+04    2.444921e+04    0.000000e+00    0.000000e+00    0.000000e+00    3.404437e+04    0.000000e+00    0.000000e+00    0.000000e+00    3.472544e+04    3.273258e+04    0.000000e+00
   9.510801e-02    3.546541e+04    2.272750e+04    0.000000e+00    0.000000e+00    0.000000e+00    3.239774e+04    0.000000e+00    0.000000e+00    0.000000e+00    3.306234e+04    3.105544e+04    0.000000e+00
   9.844790e-02    3.390459e+04    2.142769e+04    0.000000e+00    0.000000e+00    0.000000e+00    3.092408e+04    0.000000e+00    0.000000e+00    0.000000e+00    3.156543e+04    2.961817e+04    0.000000e+00
   1.018724e-01    3.248016e+04    2.056161e+04    0.000000e+00    0.000000e+00    0.000000e+00    2.963029e+04    0.000000e+00    0.000000e+00    0.000000e+00    3.023812e+04    2.842095e+04    0.000000e+00
   1.053881e-01    3.118935e+04    2.009429e+04    0.000000e+00    0.000000e+00    0.000000e+00    2.850853e+04    0.000000e+00    0.000000e+00    0.000000e+00    2.907358e+04    2.744475e+04    0.000000e+00
   1.090012e-01    3.001965e+04    1.994504e+04    0.000000e+00    0.000000e+00    0.000000e+00    2.753578e+04    0.000000e+00    0.000000e+00    0.000000e+00    2.805924e+04    2.665737e+04    0.000000e+00
   1.127179e-01    2.894915e+04    1.999457e+04    0.000000e+00    0.000000e+00    0.000000e+00    2.667523e+04    0.000000e+00    0.000000e+00    0.000000e+00    2.715113e+04    2.598924e+04    0.000000e+00
   1.165441e-01    2.794856e+04    2.009894e+04    0.000000e+00    0.000000e+00    0.000000e+00    2.588014e+04    0.000000e+00    0.000000e+00    0.000000e+00    2.631232e+04    2.537566e+04    0.000000e+00
   1.204859e-01    2.698466e+04    2.010928e+04    0.000000e+00    0.000000e+00    0.000000e+00    2.509981e+04    0.000000e+00    0.000000e+00    0.000000e+00    2.549576e+04    2.474324e+04    0.000000e+00
   1.245492e-01    2.602522e+04    1.989538e+04    0.000000e+00    0.000000e+00    0.000000e+00    2.428733e+04    0.000000e+00    0.000000e+00    0.000000e+00    2.465487e+04    2.402506e+04    0.000000e+00
   1.287398e-01    2.504460e+04    1.936953e+04    0.000000e+00    0.000000e+00    0.000000e+00    2.340789e+04    0.000000e+00    0.000000e+00    0.000000e+00    2.375623e+04    2.317718e+04    0.000000e+00
   1.330637e-01    2.402872e+04    1.850547e+04    0.000000e+00    0.000000e+00    0.000000e+00    2.244588e+04    0.000000e+00    0.000000e+00    0.000000e+00    2.278528e+04    2.218697e+04    0.000000e+00
   1.375268e-01    2.297829e+04    1.734756e+04    0.000000e+00    0.000000e+00    0.000000e+00    2.140895e+04    0.000000e+00    0.000000e+00    0.000000e+00    2.174877e+04    2.107608e+04    0.000000e+00
   1.421348e-01    2.190916e+04    1.600598e+04    0.000000e+00    0.000000e+00    0.000000e+00    2.032754e+04    0.000000e+00    0.000000e+00    0.000000e+00    2.067048e+04    1.989421e+04    0.000000e+00
   1.468939e-01    2.084936e+04    1.463649e+04    0.000000e+00    0.000000e+00    0.000000e+00    1.924925e+04    0.000000e+00    0.000000e+00    0.000000e+00    1.959593e+04    1.871872e+04    0.000000e+00
   1.518098e-01    1.983303e+04    1.340684e+04    0.000000e+00    0.000000e+00    0.000000e+00    1.822854e+04    0.000000e+00    0.000000e+00    0.000000e+00    1.857459e+04    1.762993e+04    0.000000e+00
   1.568885e-01    1.889196e+04    1.245585e+04    0.000000e+00    0.000000e+00    0.000000e+00    1.731335e+04    0.000000e+00    0.000000e+00    0.000000e+00    1.765141e+04    1.669492e+04    0.000000e+00
   1.621360e-01    1.804645e+04    1.185496e+04    0.000000e+00    0.000000e+00    0.000000e+00    1.653155e+04    0.000000e+00    0.000000e+00    0.000000e+00    1.685332e+04    1.594804e+04    0.000000e+00
   1.675585e-01    1.729856e+04    1.158474e+04    0.000000e+00    0.000000e+00    0.000000e+00    1.588172e+04    0.000000e+00    0.000000e+00    0.000000e+00    1.618124e+04    1.538008e+04    0.000000e+00
   1.731620e-01    1.663049e+04    1.153645e+04    0.000000e+00    0.000000e+00    0.000000e+00    1.533205e+04    0.000000e+00    0.000000e+00    0.000000e+00    1.560527e+04    1.493568e+04    0.000000e+00
   1.789527e-01    1.601189e+04    1.154598e+04    0.000000e+00    0.000000e+00    0.000000e+00    1.483173e+04    0.000000e+00    0.000000e+00    0.000000e+00    1.508020e+04    1.453635e+04    0.000000e+00
   1.849371e-01    1.540307e+04    1.143781e+04    0.000000e+00    0.000000e+00    0.000000e+00    1.432058e+04    0.000000e+00    0.000000e+00    0.000000e+00    1.454918e+04    1.409431e+04    0.000000e+00
   1.911216e-01    1.477012e+04    1.108839e+04    0.000000e+00    0.000000e+00    0.000000e+00    1.375135e+04    0.000000e+00    0.000000e+00    0.000000e+00    1.397139e+04    1.355092e+04    0.000000e+00
   1.975129e-01    1.410244e+04    1.047829e+04    0.000000e+00    0.000000e+00    0.000000e+00    1.311235e+04    0.000000e+00    0.000000e+00    0.000000e+00    1.333275e+04    1.289505e+04    0.000000e+00
   2.041180e-01    1.341567e+04    9.698561e+03    0.000000e+00    0.000000e+00    0.000000e+00    1.243079e+04    0.000000e+00    0.000000e+00    0.000000e+00    1.264455e+04    1.216041e+04    0.000000e+00
   2.109440e-01    1.274090e+04    8.908976e+03    0.000000e+00    0.000000e+00    0.000000e+00    1.175740e+04    0.000000e+00    0.000000e+00    0.000000e+00    1.195965e+04    1.143191e+04    0.000000e+00
   2.179986e-01    1.210986e+04    8.267239e+03    0.000000e+00    0.000000e+00    0.000000e+00    1.114307e+04    0.000000e+00    0.000000e+00    0.000000e+00    1.134292e+04    1.080175e+04    0.000000e+00
   2.252898e-01    1.154451e+04    7.861215e+03    0.000000e+00    0.000000e+00    0.000000e+00    1.061965e+04    0.000000e+00    0.000000e+00    0.000000e+00    1.081778e+04    1.030541e+04    0.000000e+00
   2.328262e-01    1.104676e+04    7.668534e+03    0.000000e+00    0.000000e+00    0.000000e+00    1.018511e+04    0.000000e+00    0.000000e+00    0.000000e+00    1.036191e+04    9.911613e+03    0.000000e+00
   2.406168e-01    1.059355e+04    7.566912e+03    0.000000e+00    0.000000e+00    0.000000e+00    9.801236e+03    0.000000e+00    0.000000e+00    0.000000e+00    9.972489e+03    9.590207e+03    0.000000e+00
   2.486716e-01    1.015094e+04    7.404598e+03    0.000000e+00    0.000000e+00    0.000000e+00    9.416275e+03    0.000000e+00    0.000000e+00    0.000000e+00    9.575607e+03    9.240835e+03    0.000000e+00
   2.570014e-01    9.695343e+03    7.089745e+03    0.000000e+00    0.000000e+00    0.000000e+00    8.996442e+03    0.000000e+00    0.000000e+00    0.000000e+00    9.147831e+03    8.826621e+03    0.000000e+00
   2.656180e-01    9.223926e+03    6.639556e+03    0.000000e+00    0.000000e+00    0.000000e+00    8.542176e+03    0.000000e+00    0.000000e+00    0.000000e+00    8.682854e+03    8.349787e+03    0.000000e+00
   2.745344e-01    8.756984e+03    6.164498e+03    0.000000e+00    0.000000e+00    0.000000e+00    8.087572e+03    0.000000e+00    0.000000e+00    0.000000e+00    8.228473e+03    7.880685e+03    0.000000e+00
   2.837652e-01    8.323316e+03    5.787747e+03    0.000000e+00    0.000000e+00    0.000000e+00    7.675648e+03    0.000000e+00    0.000000e+00    0.000000e+00    7.812872e+03    7.469165e+03    0.000000e+00
   2.933263e-01    7.934205e+03    5.551555e+03    0.000000e+00    0.000000e+00    0.000000e+00    7.322300e+03    0.000000e+00    0.000000e+00    0.000000e+00    7.442748e+03    7.126778e+03    0.000000e+00
   3.032361e-01    7.578841e+03    5.395300e+03    0.000000e+00    0.000000e+00    0.000000e+00    7.009084e+03    0.000000e+00    0.000000e+00    0.000000e+00    7.126676e+03    6.846657e+03    0.000000e+00
   3.135149e-01    7.234534e+03    5.213896e+03    0.000000e+00    0.000000e+00    0.000000e+00    6.700825e+03    0.000000e+00    0.000000e+00    0.000000e+00    6.813452e+03    6.558927e+03    0.000000e+00
   3.241861e-01    6.884787e+03    4.949325e+03    0.000000e+00    0.000000e+00    0.000000e+00    6.374882e+03    0.000000e+00    0.000000e+00    0.000000e+00    6.474159e+03    6.227206e+03    0.000000e+00
   3.352763e-01    6.535305e+03    4.639159e+03    0.000000e+00    0.000000e+00    0.000000e+00    6.041877e+03    0.000000e+00    0.000000e+00    0.000000e+00    6.139222e+03    5.890733e+03    0.000000e+00
   3.468162e-01    6.202334e+03    4.365511e+03    0.000000e+00    0.000000e+00    0.000000e+00    5.728095e+03    0.000000e+00    0.000000e+00    0.000000e+00    5.811461e+03    5.568803e+03    0.000000e+00
   3.588411e-01    5.896534e+03    4.167623e+03    0.000000e+00    0.000000e+00    0.000000e+00    5.448444e+03    0.000000e+00    0.000000e+00    0.000000e+00    5.542758e+03    5.316761e+03    0.000000e+00
   3.713926e-01    5.608937e+03    4.002625e+03    0.000000e+00    0.000000e+00    0.000000e+00    5.188808e+03    0.000000e+00    0.000000e+00    0.000000e+00    5.271299e+03    5.065296e+03    0.000000e+00
   3.845193e-01    5.326157e+03    3.810014e+03    0.000000e+00    0.000000e+00    0.000000e+00    4.928673e+03    0.000000e+00    0.000000e+00    0.000000e+00    5.011733e+03    4.817074e+03    0.000000e+00
   3.982791e-01    5.045144e+03    3.586800e+03    0.000000e+00    0.000000e+00    0.000000e+00    4.665088e+03    0.000000e+00    0.000000e+00    0.000000e+00    4.742574e+03    4.552816e+03    0.000000e+00
   4.127411e-01    4.774689e+03    3.380269e+03    0.000000e+00    0.000000e+00    0.000000e+00    4.412731e+03    0.000000e+00    0.000000e+00    0.000000e+00    4.481721e+03    4.299619e+03    0.000000e+00
   4.279893e-01    4.519160e+03    3.210544e+03    0.000000e+00    0.000000e+00    0.000000e+00    4.178356e+03    0.000000e+00    0.000000e+00    0.000000e+00    4.248824e+03    4.079244e+03    0.000000e+00
   4.441269e-01    4.273374e+03    3.047050e+03    0.000000e+00    0.000000e+00    0.000000e+00    3.952878e+03    0.000000e+00    0.000000e+00    0.000000e+00    4.018664e+03    3.860602e+03    0.000000e+00
   4.612822e-01    4.030363e+03    2.866929e+03    0.000000e+00    0.000000e+00    0.000000e+00    3.726997e+03    0.000000e+00    0.000000e+00    0.000000e+00    3.787180e+03    3.636387e+03    0.000000e+00
   4.796180e-01    3.793056e+03    2.692597e+03    0.000000e+00    0.000000e+00    0.000000e+00    3.506669e+03    0.000000e+00    0.000000e+00    0.000000e+00    3.563463e+03    3.420521e+03    0.000000e+00
   4.993442e-01    3.564802e+03    2.536402e+03    0.000000e+00    0.000000e+00    0.000000e+00    3.296578e+03    0.000000e+00    0.000000e+00    0.000000e+00    3.347846e+03    3.215017e+03    0.000000e+00
   5.207386e-01    3.339808e+03    2.376510e+03    0.000000e+00    0.000000e+00    0.000000e+00    3.088543e+03    0.000000e+00    0.000000e+00    0.000000e+00    3.140811e+03    3.016115e+03    0.000000e+00
   5.441779e-01    3.117138e+03    2.215387e+03    0.000000e+00    0.000000e+00    0.000000e+00    2.882196e+03    0.000000e+00    0.000000e+00    0.000000e+00    2.930861e+03    2.813948e+03    0.000000e+00
   5.701902e-01    2.897545e+03    2.061516e+03    0.000000e+00    0.000000e+00    0.000000e+00    2.679501e+03    0.000000e+00    0.000000e+00    0.000000e+00    2.722625e+03    2.614562e+03    0.000000e+00
   5.995447e-01    2.677090e+03    1.903706e+03    0.000000e+00    0.000000e+00    0.000000e+00    2.475480e+03    0.000000e+00    0.000000e+00    0.000000e+00    2.515522e+03    2.415438e+03    0.000000e+00
   6.334163e-01    2.454288e+03    1.745839e+03    0.000000e+00    0.000000e+00    0.000000e+00    2.269545e+03    0.000000e+00    0.000000e+00    0.000000e+00    2.305301e+03    2.213748e+03    0.000000e+00
   6.737075e-01    2.225037e+03    1.582499e+03    0.000000e+00    0.000000e+00    0.000000e+00    2.057506e+03    0.000000e+00    0.000000e+00    0.000000e+00    2.096608e+03    2.013294e+03    0.000000e+00
   7.237279e-01    1.984469e+03    1.411581e+03    0.000000e+00    0.000000e+00    0.000000e+00    1.835076e+03    0.000000e+00    0.000000e+00    0.000000e+00    1.864983e+03    1.790924e+03    0.000000e+00
   7.897465e-01    1.724605e+03    1.226782e+03    0.000000e+00    0.000000e+00    0.000000e+00    1.594778e+03    0.000000e+00    0.000000e+00    0.000000e+00    1.620898e+03    1.556556e+03    0.000000e+00
   8.846583e-01    1.435031e+03    1.020845e+03    0.000000e+00    0.000000e+00    0.000000e+00    1.327004e+03    0.000000e+00    0.000000e+00    0.000000e+00    1.348066e+03    1.294579e+03    0.000000e+00
   1.034774e+00    1.110694e+03    7.901640e+02    0.000000e+00    0.000000e+00    0.000000e+00    1.027081e+03    0.000000e+00    0.000000e+00    0.000000e+00    1.044126e+03    1.002721e+03    0.000000e+00
   1.273671e+00    7.878066e+02    5.604883e+02    0.000000e+00    0.000000e+00    0.000000e+00    7.284928e+02    0.000000e+00    0.000000e+00    0.000000e+00    7.405449e+02    7.111956e+02    0.000000e+00
   1.600819e+00    5.372276e+02    3.822256e+02    0.000000e+00    0.000000e+00    0.000000e+00    4.967667e+02    0.000000e+00    0.000000e+00    0.000000e+00    5.047788e+02    4.847826e+02    0.000000e+00
   2.015262e+00    3.636550e+02    2.587331e+02    0.000000e+00    0.000000e+00    0.000000e+00    3.362495e+02    0.000000e+00    0.000000e+00    0.000000e+00    3.421413e+02    3.285922e+02    0.000000e+00
   2.537064e+00    2.450716e+02    1.743566e+02    0.000000e+00    0.000000e+00    0.000000e+00    2.265824e+02    0.000000e+00    0.000000e+00    0.000000e+00    2.302429e+02    2.211261e+02    0.000000e+00
   3.193975e+00    1.644559e+02    1.169903e+02    0.000000e+00    0.000000e+00    0.000000e+00    1.520255e+02    0.000000e+00    0.000000e+00    0.000000e+00    1.544808e+02    1.483632e+02    0.000000e+00
   4.020976e+00    1.098838e+02    7.815313e+01    0.000000e+00    0.000000e+00    0.000000e+00    1.015522e+02    0.000000e+00    0.000000e+00    0.000000e+00    1.031427e+02    9.905628e+01    0.000000e+00
   5.062109e+00    7.307720e+01    5.195623e+01    0.000000e+00    0.000000e+00    0.000000e+00    6.750755e+01    0.000000e+00    0.000000e+00    0.000000e+00    6.899770e+01    6.626163e+01    0.000000e+00
   6.372818e+00    4.832929e+01    3.433965e+01    0.000000e+00    0.000000e+00    0.000000e+00    4.461429e+01    0.000000e+00    0.000000e+00    0.000000e+00    4.528838e+01    4.348934e+01    0.000000e+00
   8.022902e+00    3.173172e+01    2.252287e+01    0.000000e+00    0.000000e+00    0.000000e+00    2.925840e+01    0.000000e+00    0.000000e+00    0.000000e+00    2.974762e+01    2.856252e+01    0.000000e+00
   1.010024e+01    2.062276e+01    1.461223e+01    0.000000e+00    0.000000e+00    0.000000e+00    1.897883e+01    0.000000e+00    0.000000e+00    0.000000e+00    1.940646e+01    1.862969e+01    0.000000e+00
   1.271544e+01    1.320141e+01    9.326698e+00    0.000000e+00    0.000000e+00    0.000000e+00    1.211079e+01    0.000000e+00    0.000000e+00    0.000000e+00    1.233658e+01    1.183898e+01    0.000000e+00
   1.600779e+01    8.257849e+00    5.806139e+00    0.000000e+00    0.000000e+00    0.000000e+00    7.536512e+00    0.000000e+00    0.000000e+00    0.000000e+00    7.654401e+00    7.341901e+00    0.000000e+00
   2.015262e+01    4.986448e+00    3.478185e+00    0.000000e+00    0.000000e+00    0.000000e+00    4.512356e+00    0.000000e+00    0.000000e+00    0.000000e+00    4.600364e+00    4.408974e+00    0.000000e+00
   2.537064e+01    2.856895e+00    1.966524e+00    0.000000e+00    0.000000e+00    0.000000e+00    2.549240e+00    0.000000e+00    0.000000e+00    0.000000e+00    2.601346e+00    2.489937e+00    0.000000e+00
   3.193975e+01    1.519008e+00    1.022373e+00    0.000000e+00    0.000000e+00    0.000000e+00    1.323849e+00    0.000000e+00    0.000000e+00    0.000000e+00    1.363826e+00    1.302787e+00    0.000000e+00
   4.020976e+01    7.323114e-01    4.737890e-01    0.000000e+00    0.000000e+00    0.000000e+00    6.125053e-01    0.000000e+00    0.000000e+00    0.000000e+00    6.284041e-01    5.983470e-01    0.000000e+00
   5.062109e+01    3.127360e-01    1.873409e-01    0.000000e+00    0.000000e+00    0.000000e+00    2.415438e-01    0.000000e+00    0.000000e+00    0.000000e+00    2.503665e-01    2.371199e-01    0.000000e+00
   6.372818e+01    1.123666e-01    5.566768e-02    0.000000e+00    0.000000e+00    0.000000e+00    7.154727e-02    0.000000e+00    0.000000e+00    0.000000e+00    8.277079e-02    7.764817e-02    0.000000e+00
   8.022902e+01    3.835605e-02    1.243668e-02    0.000000e+00    0.000000e+00    0.000000e+00    1.603199e-02    0.000000e+00    0.000000e+00    0.000000e+00    2.219645e-02    2.042444e-02    0.000000e+00
   1.010024e+02    2.255510e-02    6.817445e-03    0.000000e+00    0.000000e+00    0.000000e+00    8.655313e-03    0.000000e+00    0.000000e+00    0.000000e+00    4.541004e-03    3.975978e-03    0.000000e+00
   1.271544e+02    1.108704e-02    1.619870e-03    0.000000e+00    0.000000e+00    0.000000e+00    2.008486e-03    0.000000e+00    0.000000e+00    0.000000e+00    1.601725e-03    1.313065e-03    0.000000e+00
   1.600779e+02    4.717954e-03    4.114603e-04    0.000000e+00    0.000000e+00    0.000000e+00    5.143203e-04    0.000000e+00    0.000000e+00    0.000000e+00    2.914250e-04    3.393442e-04    0.000000e+00
   2.015262e+02    3.209752e-03    1.087390e-04    0.000000e+00    0.000000e+00    0.000000e+00    1.228465e-04    0.000000e+00    0.000000e+00    0.000000e+00    2.750230e-04    1.868944e-04    0.000000e+00
   2.537064e+02    2.294749e-03    4.640369e-05    0.000000e+00    0.000000e+00    0.000000e+00    5.961008e-05    0.000000e+00    0.000000e+00    0.000000e+00    5.218677e-05    1.266905e-05    0.000000e+00
   3.193975e+02    1.405113e-03    1.291001e-05    0.000000e+00    0.000000e+00    0.000000e+00    1.838541e-05    0.000000e+00    0.000000e+00    0.000000e+00    3.916383e-05    8.841285e-06    0.000000e+00
   4.020976e+02    9.871898e-04    3.922451e-05    0.000000e+00    0.000000e+00    0.000000e+00    5.212673e-05    0.000000e+00    0.000000e+00    0.000000e+00    1.147970e-05    1.063771e-06    0.000000e+00
   5.062109e+02    5.958385e-04    4.031115e-06    0.000000e+00    0.000000e+00    0.000000e+00    5.074668e-06    0.000000e+00    0.000000e+00    0.000000e+00    9.494387e-06    2.208465e-06    0.000000e+00
   6.372818e+02    3.785654e-04    2.130797e-07    0.000000e+00    0.000000e+00    0.000000e+00    7.493821e-07    0.000000e+00    0.000000e+00    0.000000e+00    4.263783e-06    2.319533e-07    0.000000e+00
   8.022902e+02    2.443365e-04    2.430315e-07    0.000000e+00    0.000000e+00    0.000000e+00    4.730834e-07    0.000000e+00    0.000000e+00    0.000000e+00    6.181053e-06    5.135066e-07    0.000000e+00
   1.010024e+03    1.583050e-04    1.100707e-08    0.000000e+00    0.000000e+00    0.000000e+00    5.324909e-08    0.000000e+00    0.000000e+00    0.000000e+00    2.460057e-06    1.379292e-08    0.000000e+00
