#       k/h             CDM           baryon          photon            nu            mass_nu          total           no_nu         total_de          Weyl            v_CDM            v_b           v_b-v_c    
   1.008989e-05    2.425314e+05    2.425314e+05    0.000000e+00    0.000000e+00    0.000000e+00    2.448231e+05    0.000000e+00    0.000000e+00    0.000000e+00    2.427408e+05    2.427780e+05    0.000000e+00
   1.270241e-05    2.425313e+05    2.425313e+05    0.000000e+00    0.000000e+00    0.000000e+00    2.448230e+05    0.000000e+00    0.000000e+00    0.000000e+00    2.427010e+05    2.427371e+05    0.000000e+00
   1.599139e-05    2.425313e+05    2.425313e+05    0.000000e+00    0.000000e+00    0.000000e+00    2.448229e+05    0.000000e+00    0.000000e+00    0.000000e+00    2.426505e+05    2.426853e+05    0.000000e+00
   2.013197e-05    2.425312e+05    2.425311e+05    0.000000e+00    0.000000e+00    0.000000e+00    2.448227e+05    0.000000e+00    0.000000e+00    0.000000e+00    2.426740e+05    2.427094e+05    0.000000e+00
   2.534465e-05    2.425310e+05    2.425310e+05    0.000000e+00    0.000000e+00    0.000000e+00    2.448225e+05    0.000000e+00    0.000000e+00    0.000000e+00    2.426765e+05    2.427120e+05    0.000000e+00
   3.190702e-05    2.425308e+05    2.425307e+05    0.000000e+00    0.000000e+00    0.000000e+00    2.448221e+05    0.000000e+00    0.000000e+00    0.000000e+00    2.426733e+05    2.427087e+05    0.000000e+00
   4.016856e-05    2.425304e+05    2.425303e+05    0.000000e+00    0.000000e+00    0.000000e+00    2.448215e+05    0.000000e+00    0.000000e+00    0.000000e+00    2.427659e+05    2.428038e+05    0.000000e+00
   5.056922e-05    2.425298e+05    2.425296e+05    0.000000e+00    0.000000e+00    0.000000e+00    2.448205e+05    0.000000e+00    0.000000e+00    0.000000e+00    2.424119e+05    2.424401e+05    0.000000e+00
   6.366287e-05    2.425289e+05    2.425285e+05    0.000000e+00    0.000000e+00    0.000000e+00    2.448189e+05    0.000000e+00    0.000000e+00    0.000000e+00    2.426476e+05    2.426823e+05    0.000000e+00
   8.014681e-05    2.425274e+05    2.425268e+05    0.000000e+00    0.000000e+00    0.000000e+00    2.448163e+05    0.000000e+00    0.000000e+00    0.000000e+00    2.426585e+05    2.426935e+05    0.000000e+00
   1.008989e-04    2.425250e+05    2.425242e+05    0.000000e+00    0.000000e+00    0.000000e+00    2.448124e+05    0.000000e+00    0.000000e+00    0.000000e+00    2.426672e+05    2.427024e+05    0.000000e+00
   1.270241e-04    2.425213e+05    2.425199e+05    0.000000e+00    0.000000e+00    0.000000e+00    2.448060e+05    0.000000e+00    0.000000e+00    0.000000e+00    2.426418e+05    2.426763e+05    0.000000e+00
   1.599139e-04    2.425153e+05    2.425132e+05    0.000000e+00    0.000000e+00    0.000000e+00    2.447960e+05    0.000000e+00    0.000000e+00    0.000000e+00    2.426300e+05    2.426641e+05    0.000000e+00
   2.013197e-04    2.425059e+05    2.425025e+05    0.000000e+00    0.000000e+00    0.000000e+00    2.447801e+05    0.000000e+00    0.000000e+00    0.000000e+00    2.426405e+05    2.426749e+05    0.000000e+00
   2.534465e-04    2.424909e+05    2.424856e+05    0.000000e+00    0.000000e+00    0.000000e+00    2.447549e+05    0.000000e+00    0.000000e+00    0.000000e+00    2.424475e+05    2.424765e+05    0.000000e+00
   3.190702e-04    2.424672e+05    2.424587e+05    0.000000e+00    0.000000e+00    0.000000e+00    2.447151e+05    0.000000e+00    0.000000e+00    0.000000e+00    2.422956e+05    2.423202e+05    0.000000e+00
   4.016856e-04    2.424297e+05    2.424163e+05    0.000000e+00    0.000000e+00    0.000000e+00    2.446520e+05    0.000000e+00    0.000000e+00    0.000000e+00    2.416866e+05    2.416942e+05    0.000000e+00
   5.056922e-04    2.423703e+05    2.423490e+05    0.000000e+00    0.000000e+00    0.000000e+00    2.445522e+05    0.000000e+00    0.000000e+00    0.000000e+00    2.416277e+05    2.416334e+05    0.000000e+00
   6.366287e-04    2.422762e+05    2.422425e+05    0.000000e+00    0.000000e+00    0.000000e+00    2.443944e+05    0.000000e+00    0.000000e+00    0.000000e+00    2.422221e+05    2.422437e+05    0.000000e+00
   8.014681e-04    2.421275e+05    2.420741e+05    0.000000e+00    0.000000e+00    0.000000e+00    2.441455e+05    0.000000e+00    0.000000e+00    0.000000e+00    2.413857e+05    2.413834e+05    0.000000e+00
   1.008989e-03    2.418926e+05    2.418079e+05    0.000000e+00    0.000000e+00    0.000000e+00    2.437539e+05    0.000000e+00    0.000000e+00    0.000000e+00    2.411421e+05    2.411319e+05    0.000000e+00
   1.270241e-03    2.415223e+05    2.413882e+05    0.000000e+00    0.000000e+00    0.000000e+00    2.431401e+05    0.000000e+00    0.000000e+00    0.000000e+00    2.404844e+05    2.404540e+05    0.000000e+00
   1.599139e-03    2.409404e+05    2.407281e+05    0.000000e+00    0.000000e+00    0.000000e+00    2.421845e+05    0.000000e+00    0.000000e+00    0.000000e+00    2.391699e+05    2.390999e+05    0.000000e+00
   2.013197e-03    2.400304e+05    2.396946e+05    0.000000e+00    0.000000e+00    0.000000e+00    2.407119e+05    0.000000e+00    0.000000e+00    0.000000e+00    2.392609e+05    2.391886e+05    0.000000e+00
   2.534465e-03    2.386183e+05    2.380876e+05    0.000000e+00    0.000000e+00    0.000000e+00    2.384780e+05    0.000000e+00    0.000000e+00    0.000000e+00    2.375629e+05    2.374361e+05    0.000000e+00
   3.190702e-03    2.364527e+05    2.356155e+05    0.000000e+00    0.000000e+00    0.000000e+00    2.351707e+05    0.000000e+00    0.000000e+00    0.000000e+00    2.353744e+05    2.351745e+05    0.000000e+00
   4.016856e-03    2.331912e+05    2.318737e+05    0.000000e+00    0.000000e+00    0.000000e+00    2.304471e+05    0.000000e+00    0.000000e+00    0.000000e+00    2.320125e+05    2.316995e+05    0.000000e+00
   5.056922e-03    2.284085e+05    2.263435e+05    0.000000e+00    0.000000e+00    0.000000e+00    2.240343e+05    0.000000e+00    0.000000e+00    0.000000e+00    2.270538e+05    2.265701e+05    0.000000e+00
   6.366287e-03    2.216556e+05    2.184379e+05    0.000000e+00    0.000000e+00    0.000000e+00    2.158598e+05    0.000000e+00    0.000000e+00    0.000000e+00    2.198900e+05    2.191498e+05    0.000000e+00
   8.014681e-03    2.125796e+05    2.076105e+05    0.000000e+00    0.000000e+00    0.000000e+00    2.060161e+05    0.000000e+00    0.000000e+00    0.000000e+00    2.103472e+05    2.092366e+05    0.000000e+00
   1.008989e-02    2.010336e+05    1.934599e+05    0.000000e+00    0.000000e+00    0.000000e+00    1.943107e+05    0.000000e+00    0.000000e+00    0.000000e+00    1.978275e+05    1.961797e+05    0.000000e+00
   1.270241e-02    1.870191e+05    1.756969e+05    0.000000e+00    0.000000e+00    0.000000e+00    1.800180e+05    0.000000e+00    0.000000e+00    0.000000e+00    1.829908e+05    1.805987e+05    0.000000e+00
   1.599139e-02    1.705033e+05    1.540623e+05    0.000000e+00    0.000000e+00    0.000000e+00    1.629903e+05    0.000000e+00    0.000000e+00    0.000000e+00    1.657967e+05    1.624199e+05    0.000000e+00
   2.013197e-02    1.515147e+05    1.286856e+05    0.000000e+00    0.000000e+00    0.000000e+00    1.435256e+05    0.000000e+00    0.000000e+00    0.000000e+00    1.459825e+05    1.414378e+05    0.000000e+00
   2.534452e-02    1.304343e+05    1.008897e+05    0.000000e+00    0.000000e+00    0.000000e+00    1.219468e+05    0.000000e+00    0.000000e+00    0.000000e+00    1.243760e+05    1.187085e+05    0.000000e+00
   3.188981e-02    1.084052e+05    7.424626e+04    0.000000e+00    0.000000e+00    0.000000e+00    9.981192e+04    0.000000e+00    0.000000e+00    0.000000e+00    1.018474e+05    9.562944e+04    0.000000e+00
   3.959940e-02    8.862029e+04    5.538373e+04    0.000000e+00    0.000000e+00    0.000000e+00    8.073627e+04    0.000000e+00    0.000000e+00    0.000000e+00    8.246688e+04    7.688299e+04    0.000000e+00
   4.609224e-02    7.651388e+04    4.822423e+04    0.000000e+00    0.000000e+00    0.000000e+00    6.977253e+04    0.000000e+00    0.000000e+00    0.000000e+00    7.122391e+04    6.691454e+04    0.000000e+00
   5.080230e-02    6.979152e+04    4.622149e+04    0.000000e+00    0.000000e+00    0.000000e+00    6.399681e+04    0.000000e+00    0.000000e+00    0.000000e+00    6.499452e+04    6.174892e+04    0.000000e+00
   5.468755e-02    6.521990e+04    4.555609e+04    0.000000e+00    0.000000e+00    0.000000e+00    6.018117e+04    0.000000e+00    0.000000e+00    0.000000e+00    6.114187e+04    5.869682e+04    0.000000e+00
   5.815704e-02    6.168400e+04    4.515156e+04    0.000000e+00    0.000000e+00    0.000000e+00    5.724764e+04    0.000000e+00    0.000000e+00    0.000000e+00    5.815127e+04    5.629755e+04    0.000000e+00
   6.139322e-02    5.872049e+04    4.460619e+04    0.000000e+00    0.000000e+00    0.000000e+00    5.475610e+04    0.000000e+00    0.000000e+00    0.000000e+00    5.553588e+04    5.410559e+04    0.000000e+00
   6.449266e-02    5.609520e+04    4.374345e+04    0.000000e+00    0.000000e+00    0.000000e+00    5.248838e+04    0.000000e+00    0.000000e+00    0.000000e+00    5.319315e+04    5.202803e+04    0.000000e+00
   6.751328e-02    5.367569e+04    4.249159e+04    0.000000e+00    0.000000e+00    0.000000e+00    5.032556e+04    0.000000e+00    0.000000e+00    0.000000e+00    5.090882e+04    4.988110e+04    0.000000e+00
   7.049314e-02    5.138334e+04    4.084167e+04    0.000000e+00    0.000000e+00    0.000000e+00    4.820242e+04    0.000000e+00    0.000000e+00    0.000000e+00    4.877816e+04    4.776750e+04    0.000000e+00
   7.345906e-02    4.917219e+04    3.882942e+04    0.000000e+00    0.000000e+00    0.000000e+00    4.608737e+04    0.000000e+00    0.000000e+00    0.000000e+00    4.663349e+04    4.555025e+04    0.000000e+00
   7.643105e-02    4.701824e+04    3.652495e+04    0.000000e+00    0.000000e+00    0.000000e+00    4.397211e+04    0.000000e+00    0.000000e+00    0.000000e+00    4.458644e+04    4.335457e+04    0.000000e+00
   7.942478e-02    4.491329e+04    3.402488e+04    0.000000e+00    0.000000e+00    0.000000e+00    4.186542e+04    0.000000e+00    0.000000e+00    0.000000e+00    4.249371e+04    4.108426e+04    0.000000e+00
   8.245302e-02    4.286073e+04    3.144425e+04    0.000000e+00    0.000000e+00    0.000000e+00    3.978839e+04    0.000000e+00    0.000000e+00    0.000000e+00    4.038454e+04    3.879166e+04    0.000000e+00
   8.552654e-02    4.087223e+04    2.890759e+04    0.000000e+00    0.000000e+00    0.000000e+00    3.777036e+04    0.000000e+00    0.000000e+00    0.000000e+00    3.832496e+04    3.655785e+04    0.000000e+00
   8.865474e-02    3.896455e+04    2.653866e+04    0.000000e+00    0.000000e+00    0.000000e+00    3.584468e+04    0.000000e+00    0.000000e+00    0.000000e+00    3.657749e+04    3.466618e+04    0.000000e+00
   9.184601e-02    3.715646e+04    2.444922e+04    0.000000e+00    0.000000e+00    0.000000e+00    3.404439e+04    0.000000e+00    0.000000e+00    0.000000e+00    3.457003e+04    3.258010e+04    0.000000e+00
   9.510801e-02    3.546542e+04    2.272751e+04    0.000000e+00    0.000000e+00    0.000000e+00    3.239776e+04    0.000000e+00    0.000000e+00    0.000000e+00    3.312691e+04    3.111773e+04    0.000000e+00
   9.844790e-02    3.390460e+04    2.142771e+04    0.000000e+00    0.000000e+00    0.000000e+00    3.092410e+04    0.000000e+00    0.000000e+00    0.000000e+00    3.142895e+04    2.948760e+04    0.000000e+00
   1.018724e-01    3.248017e+04    2.056163e+04    0.000000e+00    0.000000e+00    0.000000e+00    2.963030e+04    0.000000e+00    0.000000e+00    0.000000e+00    3.007277e+04    2.826271e+04    0.000000e+00
   1.053881e-01    3.118937e+04    2.009430e+04    0.000000e+00    0.000000e+00    0.000000e+00    2.850855e+04    0.000000e+00    0.000000e+00    0.000000e+00    2.891350e+04    2.729104e+04    0.000000e+00
   1.090012e-01    3.001967e+04    1.994505e+04    0.000000e+00    0.000000e+00    0.000000e+00    2.753580e+04    0.000000e+00    0.000000e+00    0.000000e+00    2.801439e+04    2.661506e+04    0.000000e+00
   1.127179e-01    2.894917e+04    1.999459e+04    0.000000e+00    0.000000e+00    0.000000e+00    2.667525e+04    0.000000e+00    0.000000e+00    0.000000e+00    2.715678e+04    2.599679e+04    0.000000e+00
   1.165441e-01    2.794858e+04    2.009896e+04    0.000000e+00    0.000000e+00    0.000000e+00    2.588017e+04    0.000000e+00    0.000000e+00    0.000000e+00    2.620456e+04    2.527328e+04    0.000000e+00
   1.204859e-01    2.698467e+04    2.010929e+04    0.000000e+00    0.000000e+00    0.000000e+00    2.509984e+04    0.000000e+00    0.000000e+00    0.000000e+00    2.549529e+04    2.474268e+04    0.000000e+00
   1.245492e-01    2.602524e+04    1.989540e+04    0.000000e+00    0.000000e+00    0.000000e+00    2.428736e+04    0.000000e+00    0.000000e+00    0.000000e+00    2.456306e+04    2.393725e+04    0.000000e+00
   1.287398e-01    2.504462e+04    1.936955e+04    0.000000e+00    0.000000e+00    0.000000e+00    2.340792e+04    0.000000e+00    0.000000e+00    0.000000e+00    2.377922e+04    2.319897e+04    0.000000e+00
   1.330637e-01    2.402874e+04    1.850549e+04    0.000000e+00    0.000000e+00    0.000000e+00    2.244590e+04    0.000000e+00    0.000000e+00    0.000000e+00    2.266228e+04    2.206922e+04    0.000000e+00
   1.375268e-01    2.297831e+04    1.734758e+04    0.000000e+00    0.000000e+00    0.000000e+00    2.140898e+04    0.000000e+00    0.000000e+00    0.000000e+00    2.170650e+04    2.103452e+04    0.000000e+00
   1.421348e-01    2.190919e+04    1.600600e+04    0.000000e+00    0.000000e+00    0.000000e+00    2.032757e+04    0.000000e+00    0.000000e+00    0.000000e+00    2.059257e+04    1.981980e+04    0.000000e+00
   1.468939e-01    2.084939e+04    1.463651e+04    0.000000e+00    0.000000e+00    0.000000e+00    1.924928e+04    0.000000e+00    0.000000e+00    0.000000e+00    1.955867e+04    1.868286e+04    0.000000e+00
   1.518098e-01    1.983305e+04    1.340686e+04    0.000000e+00    0.000000e+00    0.000000e+00    1.822857e+04    0.000000e+00    0.000000e+00    0.000000e+00    1.859767e+04    1.765147e+04    0.000000e+00
   1.568885e-01    1.889199e+04    1.245587e+04    0.000000e+00    0.000000e+00    0.000000e+00    1.731339e+04    0.000000e+00    0.000000e+00    0.000000e+00    1.763705e+04    1.668089e+04    0.000000e+00
   1.621360e-01    1.804648e+04    1.185499e+04    0.000000e+00    0.000000e+00    0.000000e+00    1.653159e+04    0.000000e+00    0.000000e+00    0.000000e+00    1.684058e+04    1.593617e+04    0.000000e+00
   1.675585e-01    1.729860e+04    1.158477e+04    0.000000e+00    0.000000e+00    0.000000e+00    1.588176e+04    0.000000e+00    0.000000e+00    0.000000e+00    1.611774e+04    1.531875e+04    0.000000e+00
   1.731620e-01    1.663053e+04    1.153648e+04    0.000000e+00    0.000000e+00    0.000000e+00    1.533209e+04    0.000000e+00    0.000000e+00    0.000000e+00    1.554629e+04    1.487865e+04    0.000000e+00
   1.789527e-01    1.601192e+04    1.154600e+04    0.000000e+00    0.000000e+00    0.000000e+00    1.483177e+04    0.000000e+00    0.000000e+00    0.000000e+00    1.504661e+04    1.450313e+04    0.000000e+00
   1.849371e-01    1.540311e+04    1.143784e+04    0.000000e+00    0.000000e+00    0.000000e+00    1.432062e+04    0.000000e+00    0.000000e+00    0.000000e+00    1.455340e+04    1.409903e+04    0.000000e+00
   1.911216e-01    1.477016e+04    1.108842e+04    0.000000e+00    0.000000e+00    0.000000e+00    1.375139e+04    0.000000e+00    0.000000e+00    0.000000e+00    1.400426e+04    1.358275e+04    0.000000e+00
   1.975129e-01    1.410248e+04    1.047832e+04    0.000000e+00    0.000000e+00    0.000000e+00    1.311239e+04    0.000000e+00    0.000000e+00    0.000000e+00    1.331488e+04    1.287782e+04    0.000000e+00
   2.041180e-01    1.341571e+04    9.698594e+03    0.000000e+00    0.000000e+00    0.000000e+00    1.243083e+04    0.000000e+00    0.000000e+00    0.000000e+00    1.256760e+04    1.208671e+04    0.000000e+00
   2.109440e-01    1.274094e+04    8.909019e+03    0.000000e+00    0.000000e+00    0.000000e+00    1.175745e+04    0.000000e+00    0.000000e+00    0.000000e+00    1.192885e+04    1.140208e+04    0.000000e+00
   2.179986e-01    1.210990e+04    8.267274e+03    0.000000e+00    0.000000e+00    0.000000e+00    1.114312e+04    0.000000e+00    0.000000e+00    0.000000e+00    1.130848e+04    1.076857e+04    0.000000e+00
   2.252898e-01    1.154455e+04    7.861252e+03    0.000000e+00    0.000000e+00    0.000000e+00    1.061970e+04    0.000000e+00    0.000000e+00    0.000000e+00    1.077660e+04    1.026592e+04    0.000000e+00
   2.328262e-01    1.104680e+04    7.668577e+03    0.000000e+00    0.000000e+00    0.000000e+00    1.018517e+04    0.000000e+00    0.000000e+00    0.000000e+00    1.033300e+04    9.883941e+03    0.000000e+00
   2.406168e-01    1.059359e+04    7.566951e+03    0.000000e+00    0.000000e+00    0.000000e+00    9.801290e+03    0.000000e+00    0.000000e+00    0.000000e+00    9.939262e+03    9.558331e+03    0.000000e+00
   2.486716e-01    1.015099e+04    7.404639e+03    0.000000e+00    0.000000e+00    0.000000e+00    9.416332e+03    0.000000e+00    0.000000e+00    0.000000e+00    9.543199e+03    9.209685e+03    0.000000e+00
   2.570014e-01    9.695394e+03    7.089787e+03    0.000000e+00    0.000000e+00    0.000000e+00    8.996500e+03    0.000000e+00    0.000000e+00    0.000000e+00    9.114350e+03    8.794390e+03    0.000000e+00
   2.656180e-01    9.223979e+03    6.639601e+03    0.000000e+00    0.000000e+00    0.000000e+00    8.542236e+03    0.000000e+00    0.000000e+00    0.000000e+00    8.659544e+03    8.327364e+03    0.000000e+00
   2.745344e-01    8.757039e+03    6.164543e+03    0.000000e+00    0.000000e+00    0.000000e+00    8.087634e+03    0.000000e+00    0.000000e+00    0.000000e+00    8.203957e+03    7.857116e+03    0.000000e+00
   2.837651e-01    8.323373e+03    5.787791e+03    0.000000e+00    0.000000e+00    0.000000e+00    7.675712e+03    0.000000e+00    0.000000e+00    0.000000e+00    7.789093e+03    7.446368e+03    0.000000e+00
   2.933263e-01    7.934264e+03    5.551602e+03    0.000000e+00    0.000000e+00    0.000000e+00    7.322366e+03    0.000000e+00    0.000000e+00    0.000000e+00    7.428932e+03    7.113506e+03    0.000000e+00
   3.032361e-01    7.578902e+03    5.395351e+03    0.000000e+00    0.000000e+00    0.000000e+00    7.009153e+03    0.000000e+00    0.000000e+00    0.000000e+00    7.108192e+03    6.828919e+03    0.000000e+00
   3.135149e-01    7.234598e+03    5.213949e+03    0.000000e+00    0.000000e+00    0.000000e+00    6.700897e+03    0.000000e+00    0.000000e+00    0.000000e+00    6.794336e+03    6.540561e+03    0.000000e+00
   3.241861e-01    6.884854e+03    4.949380e+03    0.000000e+00    0.000000e+00    0.000000e+00    6.374957e+03    0.000000e+00    0.000000e+00    0.000000e+00    6.463960e+03    6.217409e+03    0.000000e+00
   3.352763e-01    6.535373e+03    4.639215e+03    0.000000e+00    0.000000e+00    0.000000e+00    6.041954e+03    0.000000e+00    0.000000e+00    0.000000e+00    6.129383e+03    5.881283e+03    0.000000e+00
   3.468162e-01    6.202406e+03    4.365570e+03    0.000000e+00    0.000000e+00    0.000000e+00    5.728175e+03    0.000000e+00    0.000000e+00    0.000000e+00    5.810827e+03    5.568191e+03    0.000000e+00
   3.588411e-01    5.896608e+03    4.167685e+03    0.000000e+00    0.000000e+00    0.000000e+00    5.448527e+03    0.000000e+00    0.000000e+00    0.000000e+00    5.527469e+03    5.302084e+03    0.000000e+00
   3.713926e-01    5.609013e+03    4.002687e+03    0.000000e+00    0.000000e+00    0.000000e+00    5.188893e+03    0.000000e+00    0.000000e+00    0.000000e+00    5.262766e+03    5.057102e+03    0.000000e+00
   3.845193e-01    5.326237e+03    3.810081e+03    0.000000e+00    0.000000e+00    0.000000e+00    4.928763e+03    0.000000e+00    0.000000e+00    0.000000e+00    4.998539e+03    4.804400e+03    0.000000e+00
   3.982791e-01    5.045227e+03    3.586869e+03    0.000000e+00    0.000000e+00    0.000000e+00    4.665181e+03    0.000000e+00    0.000000e+00    0.000000e+00    4.732414e+03    4.543055e+03    0.000000e+00
   4.127411e-01    4.774775e+03    3.380340e+03    0.000000e+00    0.000000e+00    0.000000e+00    4.412827e+03    0.000000e+00    0.000000e+00    0.000000e+00    4.474832e+03    4.293002e+03    0.000000e+00
   4.279893e-01    4.519250e+03    3.210618e+03    0.000000e+00    0.000000e+00    0.000000e+00    4.178455e+03    0.000000e+00    0.000000e+00    0.000000e+00    4.237697e+03    4.068557e+03    0.000000e+00
   4.441269e-01    4.273467e+03    3.047125e+03    0.000000e+00    0.000000e+00    0.000000e+00    3.952980e+03    0.000000e+00    0.000000e+00    0.000000e+00    4.009376e+03    3.851681e+03    0.000000e+00
   4.612822e-01    4.030458e+03    2.867007e+03    0.000000e+00    0.000000e+00    0.000000e+00    3.727103e+03    0.000000e+00    0.000000e+00    0.000000e+00    3.780287e+03    3.629764e+03    0.000000e+00
   4.796179e-01    3.793156e+03    2.692679e+03    0.000000e+00    0.000000e+00    0.000000e+00    3.506780e+03    0.000000e+00    0.000000e+00    0.000000e+00    3.557072e+03    3.414382e+03    0.000000e+00
   4.993442e-01    3.564906e+03    2.536487e+03    0.000000e+00    0.000000e+00    0.000000e+00    3.296693e+03    0.000000e+00    0.000000e+00    0.000000e+00    3.344068e+03    3.211390e+03    0.000000e+00
   5.207386e-01    3.339917e+03    2.376599e+03    0.000000e+00    0.000000e+00    0.000000e+00    3.088662e+03    0.000000e+00    0.000000e+00    0.000000e+00    3.142984e+03    3.018208e+03    0.000000e+00
   5.441779e-01    3.117252e+03    2.215480e+03    0.000000e+00    0.000000e+00    0.000000e+00    2.882320e+03    0.000000e+00    0.000000e+00    0.000000e+00    2.919630e+03    2.803157e+03    0.000000e+00
   5.701902e-01    2.897662e+03    2.061612e+03    0.000000e+00    0.000000e+00    0.000000e+00    2.679630e+03    0.000000e+00    0.000000e+00    0.000000e+00    2.713606e+03    2.605895e+03    0.000000e+00
   5.995447e-01    2.677214e+03    1.903807e+03    0.000000e+00    0.000000e+00    0.000000e+00    2.475616e+03    0.000000e+00    0.000000e+00    0.000000e+00    2.506043e+03    2.406331e+03    0.000000e+00
   6.334163e-01    2.454417e+03    1.745944e+03    0.000000e+00    0.000000e+00    0.000000e+00    2.269686e+03    0.000000e+00    0.000000e+00    0.000000e+00    2.304602e+03    2.213080e+03    0.000000e+00
   6.737075e-01    2.225175e+03    1.582611e+03    0.000000e+00    0.000000e+00    0.000000e+00    2.057655e+03    0.000000e+00    0.000000e+00    0.000000e+00    2.083970e+03    2.001149e+03    0.000000e+00
   7.237278e-01    1.984615e+03    1.411700e+03    0.000000e+00    0.000000e+00    0.000000e+00    1.835234e+03    0.000000e+00    0.000000e+00    0.000000e+00    1.865807e+03    1.791718e+03    0.000000e+00
   7.897465e-01    1.724765e+03    1.226910e+03    0.000000e+00    0.000000e+00    0.000000e+00    1.594950e+03    0.000000e+00    0.000000e+00    0.000000e+00    1.619549e+03    1.555260e+03    0.000000e+00
   8.846583e-01    1.435206e+03    1.020986e+03    0.000000e+00    0.000000e+00    0.000000e+00    1.327192e+03    0.000000e+00    0.000000e+00    0.000000e+00    1.348121e+03    1.294632e+03    0.000000e+00
   1.034774e+00    1.110894e+03    7.903245e+02    0.000000e+00    0.000000e+00    0.000000e+00    1.027294e+03    0.000000e+00    0.000000e+00    0.000000e+00    1.038770e+03    9.975756e+02    0.000000e+00
   1.273671e+00    7.880423e+02    5.606767e+02    0.000000e+00    0.000000e+00    0.000000e+00    7.287436e+02    0.000000e+00    0.000000e+00    0.000000e+00    7.411766e+02    7.118044e+02    0.000000e+00
   1.600819e+00    5.375083e+02    3.824491e+02    0.000000e+00    0.000000e+00    0.000000e+00    4.970634e+02    0.000000e+00    0.000000e+00    0.000000e+00    5.036287e+02    4.836792e+02    0.000000e+00
   2.015262e+00    3.639865e+02    2.589959e+02    0.000000e+00    0.000000e+00    0.000000e+00    3.365979e+02    0.000000e+00    0.000000e+00    0.000000e+00    3.429336e+02    3.293559e+02    0.000000e+00
   2.537064e+00    2.454607e+02    1.746638e+02    0.000000e+00    0.000000e+00    0.000000e+00    2.269891e+02    0.000000e+00    0.000000e+00    0.000000e+00    2.307980e+02    2.216621e+02    0.000000e+00
   3.193975e+00    1.649089e+02    1.173467e+02    0.000000e+00    0.000000e+00    0.000000e+00    1.524966e+02    0.000000e+00    0.000000e+00    0.000000e+00    1.545591e+02    1.484412e+02    0.000000e+00
   4.020976e+00    1.104074e+02    7.856368e+01    0.000000e+00    0.000000e+00    0.000000e+00    1.020942e+02    0.000000e+00    0.000000e+00    0.000000e+00    1.034577e+02    9.936205e+01    0.000000e+00
   5.062109e+00    7.367797e+01    5.242591e+01    0.000000e+00    0.000000e+00    0.000000e+00    6.812673e+01    0.000000e+00    0.000000e+00    0.000000e+00    6.898970e+01    6.625742e+01    0.000000e+00
   6.372818e+00    4.901256e+01    3.487218e+01    0.000000e+00    0.000000e+00    0.000000e+00    4.531561e+01    0.000000e+00    0.000000e+00    0.000000e+00    4.640185e+01    4.456271e+01    0.000000e+00
   8.022902e+00    3.250182e+01    2.312131e+01    0.000000e+00    0.000000e+00    0.000000e+00    3.004570e+01    0.000000e+00    0.000000e+00    0.000000e+00    3.057654e+01    2.936273e+01    0.000000e+00
   1.010024e+01    2.148031e+01    1.527662e+01    0.000000e+00    0.000000e+00    0.000000e+00    1.985207e+01    0.000000e+00    0.000000e+00    0.000000e+00    2.034316e+01    1.953351e+01    0.000000e+00
   1.271544e+01    1.414096e+01    1.005231e+01    0.000000e+00    0.000000e+00    0.000000e+00    1.306361e+01    0.000000e+00    0.000000e+00    0.000000e+00    1.297325e+01    1.245472e+01    0.000000e+00
   1.600779e+01    9.263543e+00    6.580083e+00    0.000000e+00    0.000000e+00    0.000000e+00    8.551913e+00    0.000000e+00    0.000000e+00    0.000000e+00    8.662572e+00    8.313981e+00    0.000000e+00
   2.015262e+01    6.027445e+00    4.275985e+00    0.000000e+00    0.000000e+00    0.000000e+00    5.558135e+00    0.000000e+00    0.000000e+00    0.000000e+00    5.637135e+00    5.407828e+00    0.000000e+00
   2.537064e+01    3.883368e+00    2.749217e+00    0.000000e+00    0.000000e+00    0.000000e+00    3.574375e+00    0.000000e+00    0.000000e+00    0.000000e+00    3.544865e+00    3.398261e+00    0.000000e+00
   3.193975e+01    2.464602e+00    1.738845e+00    0.000000e+00    0.000000e+00    0.000000e+00    2.261619e+00    0.000000e+00    0.000000e+00    0.000000e+00    2.326373e+00    2.227493e+00    0.000000e+00
   4.020976e+01    1.528524e+00    1.072419e+00    0.000000e+00    0.000000e+00    0.000000e+00    1.395682e+00    0.000000e+00    0.000000e+00    0.000000e+00    1.467311e+00    1.402273e+00    0.000000e+00
   5.062109e+01    9.149135e-01    6.360400e-01    0.000000e+00    0.000000e+00    0.000000e+00    8.286102e-01    0.000000e+00    0.000000e+00    0.000000e+00    8.558035e-01    8.155099e-01    0.000000e+00
   6.372818e+01    5.195056e-01    3.557258e-01    0.000000e+00    0.000000e+00    0.000000e+00    4.641971e-01    0.000000e+00    0.000000e+00    0.000000e+00    4.835612e-01    4.586339e-01    0.000000e+00
   8.022902e+01    2.736567e-01    1.826548e-01    0.000000e+00    0.000000e+00    0.000000e+00    2.390243e-01    0.000000e+00    0.000000e+00    0.000000e+00    2.426675e-01    2.285278e-01    0.000000e+00
   1.010024e+02    1.308590e-01    8.357037e-02    0.000000e+00    0.000000e+00    0.000000e+00    1.098444e-01    0.000000e+00    0.000000e+00    0.000000e+00    1.142967e-01    1.063525e-01    0.000000e+00
   1.271544e+02    5.546695e-02    3.255422e-02    0.000000e+00    0.000000e+00    0.000000e+00    4.309639e-02    0.000000e+00    0.000000e+00    0.000000e+00    4.466121e-02    4.079429e-02    0.000000e+00
   1.600779e+02    1.972231e-02    9.458408e-03    0.000000e+00    0.000000e+00    0.000000e+00    1.267441e-02    0.000000e+00    0.000000e+00    0.000000e+00    1.474075e-02    1.305578e-02    0.000000e+00
   2.015262e+02    6.609419e-03    2.006980e-03    0.000000e+00    0.000000e+00    0.000000e+00    2.760238e-03    0.000000e+00    0.000000e+00    0.000000e+00    3.978169e-03    3.341960e-03    0.000000e+00
   2.537064e+02    4.012060e-03    1.131352e-03    0.000000e+00    0.000000e+00    0.000000e+00    1.596215e-03    0.000000e+00    0.000000e+00    0.000000e+00    8.103165e-04    6.154925e-04    0.000000e+00
   3.193975e+02    1.996522e-03    2.821076e-04    0.000000e+00    0.000000e+00    0.000000e+00    4.161504e-04    0.000000e+00    0.000000e+00    0.000000e+00    3.042637e-04    1.987844e-04    0.000000e+00
   4.020976e+02    7.990983e-04    6.189806e-05    0.000000e+00    0.000000e+00    0.000000e+00    1.010483e-04    0.000000e+00    0.000000e+00    0.000000e+00    6.013675e-05    4.445447e-05    0.000000e+00
   5.062109e+02    5.470224e-04    1.501017e-05    0.000000e+00    0.000000e+00    0.000000e+00    2.765193e-05    0.000000e+00    0.000000e+00    0.000000e+00    4.411589e-05    1.638358e-05    0.000000e+00
   6.372818e+02    3.988418e-04    4.854387e-06    0.000000e+00    0.000000e+00    0.000000e+00    1.223682e-05    0.000000e+00    0.000000e+00    0.000000e+00    8.112835e-06    9.100491e-07    0.000000e+00
   8.022902e+02    2.427428e-04    6.941602e-07    0.000000e+00    0.000000e+00    0.000000e+00    2.596213e-06    0.000000e+00    0.000000e+00    0.000000e+00    7.003857e-06    3.340503e-07    0.000000e+00
   1.010024e+03    1.685777e-04    1.421568e-06    0.000000e+00    0.000000e+00    0.000000e+00    8.497914e-06    0.000000e+00    0.000000e+00    0.000000e+00    1.256889e-06    8.211428e-08    0.000000e+00
